100 100
2579 2859 2698 2736 2997 2959 3049 2829 2903 2778 2933 2845 3161 2873 2724 2741 2754 2943 2829 2728 2720 2964 2739 3109 3059 2987 2794 2916 2968 2564 3034 2687 2656 2922 2839 3002 2780 2948 2698 2742 3020 2735 2742 2698 2933 3044 3018 2800 2894 2865 3088 3071 3053 2701 2776 3170 2890 3035 2839 2617 2927 3043 2769 3336 2565 2739 2855 2528 2890 2874 3029 2837 3125 2759 2614 2945 2947 2687 2753 2973 2884 3087 2802 2801 2954 2960 2824 2670 3156 3028 2765 3116 2855 2725 2813 3038 2758 2919 2627 2830 
2810 3202 2919 3111 3372 3232 3138 2946 3063 3083 3037 2959 3494 3016 3074 3066 3044 3114 2869 2798 2983 3115 3056 3362 3340 3232 2964 3182 3018 2854 3425 2750 2923 2987 3095 3243 3161 3253 2926 2878 3279 3174 2955 2997 3080 3167 3126 3066 3237 3130 3413 3260 3293 3015 3049 3279 3137 3096 3217 2708 3219 3257 3024 3524 2814 3024 3212 2840 3100 3152 3327 2937 3497 3084 2920 3251 3121 2928 2972 3249 3057 3215 3023 3006 3273 3088 3104 2957 3393 3352 2965 3300 3184 2827 3045 3160 2981 3067 2900 3112 
2904 2979 3097 2953 3192 3019 3249 2909 2908 3026 2925 2894 3512 3151 3006 2684 3047 3355 2895 3089 3104 3106 2964 3076 3161 3129 2787 2930 3060 2843 3286 2832 3061 3041 2914 3175 3118 3059 2949 2576 3145 3160 2985 2907 3059 3377 3133 3048 3123 3208 3475 3232 3314 2828 2892 3343 3018 3049 3110 2714 3156 3097 2857 3509 2840 2872 3239 2822 3050 3012 3086 2972 3555 3016 3050 3290 2900 3002 3039 3078 2950 3350 2941 2907 3014 3099 2936 2896 3263 3127 3104 3268 3225 3010 2896 3272 2853 3092 2939 3022 
2680 2764 2738 2764 2913 2909 2934 2943 2940 2927 2740 2791 3053 3041 2807 2768 2802 2915 2734 2704 2766 2822 2748 3075 2933 2764 2732 3068 2760 2620 2950 2532 2715 2806 2816 2892 3103 2912 2830 2743 2954 2880 2672 2864 2821 3007 2911 2776 2872 2986 3172 3061 3049 2805 2838 3239 2959 2846 3020 2689 3007 2979 2728 3084 2469 2608 2984 2643 2865 2868 2857 2845 3264 2963 2598 2843 2991 2620 2613 2740 2748 2840 2810 2873 2858 2833 2847 2834 3179 3017 2795 3046 2982 2736 2678 2926 2832 2846 2654 2698 
2942 2739 2779 2909 3189 3062 3082 2922 2952 2842 2859 2911 3369 3072 2951 2984 2834 3101 2898 2871 3118 2916 2860 3119 3132 3089 2866 3054 3048 2780 3173 2742 2859 2930 2968 3058 3008 3080 2882 2762 3148 3097 2942 2759 3065 3210 3041 3053 3042 3129 3452 3126 3222 2749 2894 3345 2850 3015 3095 2650 3129 3052 2838 3384 2679 2861 3036 2569 3025 3086 3194 2909 3410 2925 2792 3078 2997 2911 2846 3250 3006 3254 2855 3010 3101 3001 2894 2804 3170 3076 2888 3352 3028 2998 3040 3174 2788 3195 2944 3047 
2895 2917 2876 2824 3125 3172 3090 2975 2950 2984 3113 2972 3405 3003 2996 3010 2950 3116 2857 2709 3022 3042 3007 3324 3188 3129 2900 3209 3112 2776 3303 2737 3006 3072 3042 3250 3095 3153 2919 2820 3247 3097 2932 2856 3055 3269 3144 2978 3198 3144 3275 3110 3168 2862 3116 3359 2955 3095 3034 2775 3128 3307 2886 3410 2790 2859 3134 2828 3064 3216 3129 3080 3492 3059 2889 3176 3130 2901 2899 3275 2858 3272 3107 3039 3257 2957 3078 2953 3319 3164 2973 3233 3147 2962 2984 3331 2999 3097 2934 3037 
2741 2937 2856 2749 3082 2858 2967 2927 2991 2842 2787 2866 3354 2966 2837 2897 2760 3085 3001 2867 2928 2966 2927 3168 3234 3060 2839 2990 2978 2607 3117 3008 2783 2974 2881 3002 3062 2994 2808 2699 3085 2976 2895 2835 2990 3131 3088 2772 3035 2844 3267 3192 3066 2771 2852 3263 2859 2922 3109 2767 2990 2990 2855 3322 2696 2788 2975 2679 2976 3021 3140 3006 3207 2881 2835 2967 2879 2815 2870 3146 2908 3120 2894 2805 3093 3000 2867 2929 3064 3097 3045 3184 2924 2857 2750 3236 2841 2952 2750 3001 
3457 3345 3308 3350 3616 3550 3582 3418 3445 3460 3227 3438 3859 3487 3579 3249 3351 3727 3052 3431 3566 3536 3310 3702 3501 3581 3479 3629 3500 3312 3753 3179 3497 3480 3533 3579 3645 3689 3526 3352 3620 3619 3361 3402 3601 3680 3666 3372 3563 3632 3998 3639 3657 3295 3428 3808 3548 3713 3468 3092 3551 3510 3309 4000 3234 3089 3623 3159 3640 3556 3515 3500 3993 3554 3201 3774 3543 3394 3324 3523 3301 3598 3572 3517 3470 3465 3414 3443 3807 3579 3322 3639 3677 3454 3506 3656 3388 3602 3259 3405 
2749 2849 2847 2733 3012 2995 3032 2907 2924 2845 2857 2872 3358 3013 2908 2804 2899 3094 2703 2923 2868 2917 2893 3275 2991 2936 2911 3129 2836 2608 3240 2661 2786 2968 2964 3232 2947 2893 2824 2800 3224 2972 2838 2837 2966 3168 3123 2950 3237 3088 3287 3184 3054 2692 2852 3241 2929 3024 3132 2710 3164 3135 2740 3350 2679 2821 3079 2909 3031 2940 2946 2959 3248 2964 2776 3113 3033 2879 2832 2967 2833 2937 2984 2765 3156 2824 2974 2737 3164 3137 2881 3125 3157 2879 2951 3070 3059 2974 2835 2969 
2939 3020 2953 2948 3284 3137 3237 3127 3153 3040 2880 3179 3589 3072 3082 3108 3069 3349 2885 2927 3146 3155 3048 3498 3269 3087 3086 3302 3112 2849 3396 3170 3045 3198 2931 3279 3152 3373 3173 2907 3292 3125 3006 2994 3015 3313 3148 2827 3215 3104 3597 3238 3358 2983 3161 3610 2961 3156 3285 2779 3214 3173 3027 3526 2859 3024 3327 2883 3229 3165 3205 3191 3396 3183 2967 3253 3019 3190 3051 3077 3141 3217 3059 3044 3383 3000 3239 3088 3348 3322 3196 3324 3357 3086 3097 3432 3051 3114 2930 3224 
2840 2881 2800 2967 3204 3194 3189 2968 2922 3029 2961 2989 3330 2940 2919 2977 2937 3036 2873 2871 2992 2940 2800 3365 3168 3057 2926 3159 3068 2906 3301 3063 2847 2993 2927 3170 3048 3119 3050 2706 3152 2927 2967 2866 2953 3218 3171 2877 3218 3060 3394 3147 3274 2835 3029 3293 3037 2998 3072 2828 3221 3171 2934 3474 2796 2937 3042 2799 3120 3095 3112 3062 3366 2993 2877 3199 3097 2885 3003 3142 2779 3186 3054 3019 3158 2968 2892 2785 3246 3259 3070 3163 3055 2939 2987 3144 2962 3083 3005 2986 
2477 2641 2561 2609 2886 2777 2677 2718 2704 2637 2622 2463 3178 2721 2549 2877 2425 2831 2569 2694 2753 2663 2606 2852 2864 2708 2603 2690 2756 2490 2872 2506 2486 2774 2706 2781 2713 2823 2660 2525 2960 2665 2623 2619 2574 2718 2891 2744 2827 2478 2939 2962 2845 2555 2781 3055 2606 2827 2749 2480 2785 2860 2510 3041 2520 2555 2915 2280 2645 2650 2844 2764 2942 2677 2424 2789 2608 2656 2548 2729 2617 2971 2775 2736 2999 2694 2614 2739 2883 2825 2334 2928 2835 2673 2679 2934 2635 2653 2594 2565 
2637 2728 2759 2728 3073 2956 3001 2926 2864 2986 2868 2739 3211 2860 2788 2782 2782 2932 2687 2732 2879 2779 2793 3117 2847 2806 2866 2951 2917 2515 2947 2602 2806 2980 2926 3054 2818 2821 2791 2712 2929 2810 2719 2729 2833 2983 2881 2788 3046 2954 3146 2881 2915 2559 2856 3066 2950 2817 2900 2688 2929 3009 2787 3209 2497 2707 2974 2705 2852 2802 2890 2863 3203 2916 2764 3051 2803 2837 2836 2987 2635 2922 2735 2804 3040 2961 2875 2555 3064 2963 2904 2923 3026 2768 2753 3027 2853 2644 2578 2771 
2922 3300 3017 3108 3441 3099 3251 3054 3107 3178 3219 3160 3557 3171 3235 3063 3077 3298 2949 3091 2995 3228 2971 3453 3300 3231 3100 3321 3266 2976 3400 2826 3142 3256 3171 3227 3236 3272 3003 3033 3309 3155 3209 2919 3213 3360 3216 3203 3247 3271 3542 3262 3299 2955 3056 3604 3184 3345 3133 2713 3232 3200 2995 3547 2856 3077 3402 3028 3095 3195 3336 3058 3461 3094 2963 3275 3323 3038 3033 3316 3114 3409 3090 3219 3364 3094 2976 2859 3556 3242 2937 3458 3327 3193 3095 3279 2949 3185 3062 3103 
2805 2965 2909 2979 3221 3170 3273 3008 3047 2964 3116 3089 3366 2970 3056 2938 3059 3299 2893 2848 3038 3154 2958 3246 3162 3142 2941 3110 3114 2856 3384 2807 3028 3117 2870 3226 3116 3246 2964 2878 3153 2998 2947 2973 2965 3171 3058 3026 3026 3351 3471 3079 3294 2837 3037 3421 2877 2992 3110 2773 3019 3188 2970 3413 2739 2835 3213 2866 3025 3100 3249 3084 3427 2968 2836 3209 3058 2939 3002 3121 2997 3165 2951 2999 3187 2954 3035 2918 3277 3136 3043 3271 3097 3059 3069 3282 2834 3118 2982 2887 
2981 3039 2814 2932 3277 3196 3117 2981 2998 2997 2934 2923 3554 2998 3041 3095 3059 3186 2911 2928 3151 3011 3024 3294 3197 3238 2867 3184 3056 2817 3180 2866 3187 2919 2904 3275 3140 3196 2899 2700 3114 3199 2801 2962 3117 3103 3210 3013 2998 3186 3464 3165 3343 2917 2886 3448 3032 3024 3086 2737 3025 3177 3098 3495 2743 2901 3076 2702 3110 3114 3389 2874 3551 2956 3006 3127 2983 2937 2923 3184 3028 3290 3040 2954 3174 3049 3112 2973 3314 3285 2960 3211 3183 3011 3094 3246 2841 3146 2948 2992 
2992 3062 2965 3209 3230 3199 3238 2947 3225 3050 3163 3017 3627 3254 3022 3064 3043 3204 3056 3070 3191 3027 3080 3511 3364 3127 3140 3313 3113 2806 3380 2999 3019 3242 3102 3406 3255 3153 3089 2912 3382 3137 3009 3083 3162 3351 3233 3137 3285 3221 3434 3414 3305 2980 3081 3630 2970 3168 3401 2977 3357 3396 3030 3713 2852 2980 3405 2960 3213 3107 3128 3094 3588 3148 2883 3253 3141 3254 2954 3269 3025 3368 3138 3146 3418 3081 3227 3180 3350 3413 3033 3423 3448 3085 3117 3487 2986 3263 3088 3224 
2685 2889 2765 2783 3098 3090 3064 2881 2821 2981 2946 2842 3405 2899 2809 2933 2840 2956 2766 2767 2841 3089 2896 3089 3111 2898 2962 3093 2854 2693 3053 2549 2768 2953 2885 2975 2948 3034 2843 2814 3106 2936 2751 2588 2921 3002 2876 2807 3003 2930 3029 3195 3123 2765 2979 3256 2978 2997 2940 2639 2981 2957 2960 3279 2583 2736 3099 2747 3013 2981 3004 2799 3143 2805 2620 3061 2883 2985 2774 3172 2854 3021 2826 2939 3066 2797 2950 2750 3215 3064 2864 3122 3088 2774 2825 3076 2877 2828 2615 2875 
2825 2827 2682 2803 3035 2895 2876 2981 2794 2884 2920 2732 3365 2975 2805 2839 2834 3015 2800 2726 2776 2747 2823 3061 2928 2848 2776 2953 2677 2589 3007 2652 2652 2962 2717 2759 2959 3056 2819 2686 3080 2918 2699 2699 2869 3025 3013 2585 2921 2879 3203 2987 3235 2810 2794 3265 2747 2810 2947 2568 2722 2917 2822 3188 2613 2621 3067 2469 2797 2858 2837 2844 3202 2777 2852 2955 2890 2709 2729 3046 2741 2909 2726 2761 2899 2709 2911 2777 3239 3053 2690 2937 3023 2657 2852 3140 2678 2947 2626 2812 
2739 2743 2801 2836 2957 2830 3123 2846 2814 2942 2727 2809 3260 2916 2868 2714 2828 3246 2796 2896 2815 2948 2937 3067 3073 2907 2842 3028 3046 2738 3189 2623 2803 2966 2838 2921 2959 2971 2834 2598 3114 2852 2779 2873 2952 3108 2959 2992 2761 2843 3257 3090 3062 2719 2963 3076 2742 2964 2807 2654 2817 3025 2851 3044 2717 2681 3019 2527 3079 2929 3018 2947 3182 2879 2602 2873 2907 2774 2844 3035 2941 3107 2776 2939 3138 2897 2957 2853 3124 2999 2859 3183 2923 2800 2878 3032 2816 2869 2700 2849 
3275 3419 3378 3279 3581 3534 3777 3534 3501 3401 3379 3422 3873 3447 3433 3239 3544 3790 3110 3388 3412 3453 3302 3730 3649 3495 3309 3653 3533 3224 3793 3264 3361 3589 3355 3640 3553 3596 3488 3234 3720 3313 3416 3357 3494 3852 3396 3369 3520 3729 4072 3558 3637 3346 3545 3916 3466 3554 3510 3195 3543 3665 3295 3808 3070 3203 3723 3291 3482 3565 3438 3637 4060 3609 3370 3627 3477 3392 3440 3517 3249 3523 3381 3436 3674 3325 3439 3370 3695 3650 3514 3617 3778 3374 3385 3664 3460 3564 3244 3490 
2888 2987 3021 3112 3172 3185 3241 3060 3082 3132 3115 3084 3546 3154 3060 2985 2991 3201 2971 2959 3079 3066 2953 3433 3232 3195 2962 3177 3200 2926 3213 2823 3191 3229 3123 3138 3279 3168 3145 2991 3192 3124 3051 2888 3153 3219 3235 2955 3174 3059 3356 3313 3233 2949 2982 3414 3026 3206 3137 2730 3151 3152 2931 3606 2950 2801 3251 2781 2952 3110 3203 3047 3507 3093 2958 3167 3143 3170 2937 3139 3054 3260 3032 3192 3245 3174 3052 3151 3397 3272 2961 3480 3321 3053 2924 3397 3037 2937 2993 3068 
2621 2721 2745 2933 3053 2915 2944 2642 2774 2778 2542 2708 3296 2725 2689 2696 2678 2799 2749 2811 2834 2693 2793 2968 2817 2714 2827 2715 2794 2669 3056 2508 2689 2887 2623 2875 2953 2803 2825 2681 2993 3040 2615 2733 2791 3031 2918 2798 2949 2874 3089 2999 2955 2685 2731 3129 2667 3051 2854 2531 2820 2753 2602 3227 2541 2583 2806 2643 2954 2747 2949 2700 3238 2692 2611 2970 2745 2686 2760 2800 2728 2957 2690 2671 2878 2823 2634 2672 3026 2974 2812 3009 2959 2676 2533 2929 2692 2879 2636 2674 
3086 3107 3039 3191 3374 3298 3206 2946 3189 3171 3158 3171 3557 3120 3220 3127 3097 3365 3043 3075 3219 3138 3095 3545 3321 3394 2977 3441 3272 3004 3417 2896 3124 3199 3277 3353 3349 3323 3165 2955 3270 3150 3085 3199 3268 3445 3271 3022 3362 3327 3643 3232 3404 2976 3082 3560 3214 3269 3342 2769 3289 3427 3144 3506 2904 2982 3342 2851 3253 3286 3281 3207 3577 3183 3092 3384 3340 3153 3088 3300 3096 3467 3013 3158 3340 3198 3237 3158 3352 3399 3213 3425 3310 3041 3344 3389 2926 3198 3046 3197 
2792 2821 2643 2849 3136 2938 2836 2772 2851 3022 2906 3000 3406 2760 2893 2838 2939 2992 2779 2784 2799 2882 2769 3080 2998 2935 2971 2994 3063 2845 3215 2808 2888 2988 2702 2983 2996 3058 2899 2612 3064 2891 2823 2824 2951 3191 2948 2784 3102 2954 3247 3106 3192 2754 2953 3195 2761 2952 3035 2666 2823 2960 2787 3352 2710 2596 2927 2727 2921 2930 2973 2954 3237 3077 2857 3004 2979 2925 2900 3082 2833 3092 2833 2884 3001 2991 2915 3029 3236 2991 2750 3077 3084 2869 2875 3184 2869 3140 2934 2782 
2855 2702 2647 2856 3028 2955 2979 2886 2849 2768 2940 2810 3205 2992 2860 2794 2870 2995 2810 2722 2760 2743 2633 3042 2907 2789 2733 2968 2841 2621 3001 2724 2679 2700 2755 2889 2966 3021 2751 2581 2988 2837 2847 2773 2934 3005 2959 2676 2874 3062 3222 2969 3096 2726 2773 3288 2727 2854 2996 2601 2878 2833 2751 3255 2401 2558 2928 2712 2806 2877 2848 2946 3155 2812 2723 2928 2867 2732 2675 2984 2825 2978 2807 2838 2904 2781 2856 2809 3091 2950 2888 2968 2936 2799 2955 3046 2744 2944 2789 2867 
2795 2931 2965 2914 3200 3140 3227 3091 3013 3082 2979 3049 3525 2962 3098 2869 2968 3222 2893 2844 3060 3090 2981 3232 3353 3154 3052 3072 3184 2908 3433 2898 3014 3122 2949 3118 3179 3241 2854 2843 3203 3200 2898 2928 3273 3136 3150 3062 3066 3094 3507 3198 3129 3011 3063 3540 2924 3109 3086 2789 2969 3047 3014 3417 2732 2814 2999 2718 3026 3117 3246 3102 3408 3165 2857 3105 2894 2962 2806 3211 3147 3163 2862 3115 3199 2967 3055 3010 3249 3199 2888 3310 3172 2838 2969 3217 2902 3113 2795 3039 
2790 2737 2812 2631 2979 2799 2890 2825 2889 2817 2657 2674 3068 2747 2793 2793 2633 2899 2734 2840 2768 2784 2748 3040 2932 2835 2641 2934 2762 2459 2894 2608 2736 2982 2756 2775 2897 2963 2709 2574 3130 2817 2710 2790 2742 2954 2770 2900 2827 2975 3056 2889 3075 2703 2766 3239 2922 2845 2864 2566 2878 2966 2654 3126 2636 2703 3089 2585 2854 2797 2811 2853 3255 2819 2670 2836 2811 2603 2847 2821 2693 3051 2737 2788 3005 2753 2670 2820 3039 3097 2690 3054 2893 2678 2687 2908 2644 3038 2788 2789 
3030 3227 2986 3023 3368 3098 3093 3277 3127 3085 3009 3230 3707 3027 3186 3134 3126 3309 2847 3200 3299 3412 2894 3582 3348 3242 3267 3351 3318 2997 3471 3129 3115 3204 3075 3333 3235 3318 3119 2989 3495 3275 3223 3037 3278 3228 3281 3107 3457 3234 3655 3420 3445 3018 3252 3598 3229 3359 3094 2929 3333 3278 3066 3596 3014 2953 3294 3008 3308 3202 3401 3249 3455 3364 2991 3388 3141 3178 3233 3364 3098 3371 3251 3291 3432 3045 3256 3193 3382 3179 3129 3157 3328 3154 3292 3295 3173 3340 3024 3108 
2987 3152 3148 3089 3338 3200 3212 3143 3098 3254 3073 3050 3650 3196 3170 3156 3084 3319 3023 3151 3305 3305 3095 3473 3369 3369 3086 3401 3353 2867 3509 2943 3270 3313 3217 3333 3292 3240 3103 3045 3423 3331 3068 3103 3282 3397 3344 3395 3266 3229 3628 3351 3320 3171 3284 3501 3292 3235 3049 2941 3305 3392 3100 3561 3015 3000 3276 2906 3232 3386 3537 3092 3672 3368 3109 3495 3157 3035 3064 3323 3112 3408 3219 3252 3462 3264 3228 3294 3372 3429 3231 3348 3350 3158 3105 3339 3003 3322 3049 3033 
2899 2896 2780 2724 3078 3036 2990 2989 2835 2802 2656 2914 3243 2996 2945 3028 3031 3002 2638 2806 3128 2812 2980 3257 3017 2988 2852 3127 3150 2813 3204 2821 2920 3120 3006 3218 2928 3131 2788 2758 3262 3131 2661 3015 3080 3113 3056 3014 3097 3093 3411 2992 3089 2870 2928 3361 2733 2873 3145 2567 2957 3028 2686 3264 2739 2826 3014 2758 3031 2894 3195 2952 3394 3043 2732 3074 2752 2875 2833 3119 2890 3054 3144 2922 3228 2956 2966 2845 3161 3045 2918 3168 3096 2804 2981 3226 2911 3155 2779 2922 
2888 2972 3120 2927 3272 3277 3371 3065 3050 3053 3099 3006 3437 3068 3154 3087 3035 3264 2985 2863 3071 3004 3054 3400 3288 3092 3078 3165 3093 2791 3269 3016 2928 3159 3174 3241 3178 3143 3091 2875 3125 3102 2872 2991 3317 3297 3132 2883 3092 3096 3433 3328 3198 2983 3133 3535 3141 3051 3265 2829 3191 3145 3016 3405 2848 2929 3234 2808 3098 3058 3031 3254 3430 3123 2828 3262 2981 2958 2961 3149 2992 3183 3035 3167 3116 3124 3061 3068 3355 3238 3225 3304 3157 2919 2991 3328 3032 3075 2932 3188 
2934 2977 3065 3005 3228 3115 3354 3057 3243 3235 2895 3073 3540 3100 3032 3092 3013 3198 2960 3050 3108 3194 2910 3346 3369 3163 3133 3283 3145 2959 3420 2977 3143 3116 3074 3252 3251 3346 2963 2893 3334 3117 2952 3075 3123 3320 3133 3254 3207 3155 3395 3311 3182 2993 3112 3510 3206 3241 3141 2945 3380 3175 2910 3564 2781 2891 3167 2871 3207 3165 3274 3265 3536 3181 2877 3158 3128 3025 2975 3162 2962 3381 3143 3222 3324 3126 3070 3201 3309 3311 3004 3268 3315 3094 2957 3363 3155 3267 2995 3143 
2669 2931 2928 2708 3107 2744 2939 3048 2888 2805 2882 2905 3378 3032 2761 2836 2819 3104 2771 2720 2954 2849 2757 3130 3156 3036 2780 3052 3069 2722 3033 2844 2872 2987 2926 2942 2933 2993 2645 2614 3090 2964 2909 2766 2959 2849 2938 2906 2955 2899 3336 2986 3141 2754 2806 3231 2847 2929 2989 2729 3041 2847 2681 3207 2589 2788 3004 2821 2959 2928 3052 2837 3127 2914 2827 2993 2874 2829 2785 3137 2810 3001 2783 2818 3108 2807 2828 2678 2954 2842 2798 3223 2916 2765 2939 3142 2962 2873 2719 2992 
2757 2848 2927 2720 3141 3044 3079 2929 2919 2907 2768 2958 3355 3067 2978 2877 2905 3052 2678 2847 2811 2948 2886 3093 3054 2822 2971 3027 2944 2648 3166 2715 2947 2856 2885 3067 3064 3091 2921 2774 3083 3073 2799 2801 2964 3216 3016 2842 3019 3018 3376 3185 3094 2689 3051 3211 2976 3072 3041 2687 3067 2915 2757 3323 2727 2679 3139 2884 3006 2983 2998 3099 3180 2957 2835 3051 2959 2884 2726 3101 2732 3031 2947 2931 2960 2803 2780 2934 3148 3054 2959 3041 3059 2899 2803 3128 2921 2880 2637 2913 
2687 2936 2791 2760 3211 3017 3144 3007 3027 3003 2876 3002 3420 2962 2966 2957 2936 3080 2926 2881 2910 3058 2763 3317 3095 3021 2972 3103 2877 2691 3215 2756 2923 2963 2842 2986 3194 3250 2981 2833 3117 3094 3000 2764 2913 3256 3130 2993 3142 3165 3343 3072 3294 2861 2917 3367 2986 3072 2959 2766 3158 3033 2828 3363 2772 2801 3102 2689 2921 3208 3132 3087 3289 2902 3021 3135 3046 2865 3029 3006 2978 3258 2837 2971 3137 2766 2870 2852 3266 3157 2943 3191 3072 2988 3041 3154 2861 3225 2808 2978 
2903 3103 2959 2933 3369 3077 3117 3035 2984 3108 3006 3097 3698 2995 2880 3127 3019 3251 2954 3088 3102 3119 3091 3242 3127 3138 2894 2995 3151 2958 3281 2848 3031 3133 2982 3248 3079 3221 3025 2861 3304 3164 3066 2989 3016 3134 3200 3167 3219 3019 3352 3297 3279 2879 3065 3351 2985 3183 3246 2791 3215 3124 2903 3578 2702 2977 3180 2805 3070 3069 3237 3104 3422 2979 3021 3268 3104 3012 3073 3227 3009 3220 2991 2999 3353 3034 2963 2965 3297 3181 2797 3301 3293 2880 3095 3345 2972 3184 3017 2979 
2873 2949 2847 3000 3221 3095 3336 3043 3118 3010 3016 2944 3613 3143 2955 3036 3004 3157 2934 2882 3035 3101 3020 3421 3142 3226 3018 3348 3187 2913 3257 2882 2955 3039 2997 3179 3145 3223 2930 2845 3335 3058 2951 2849 3017 3306 3215 3216 3323 3192 3440 3194 3343 2974 3097 3537 2962 3112 3122 2870 3168 3204 2925 3436 2735 2952 3182 2932 3028 3127 3224 3122 3657 3089 2915 3031 3128 2981 3035 3302 2918 3187 3054 3069 3289 3023 3023 2849 3304 3281 2957 3258 3227 2992 2969 3149 2881 3027 2916 2915 
3104 3124 3175 2995 3253 3213 3323 3239 3194 3249 3172 3292 3702 3215 3181 3147 3267 3397 3016 3176 3271 3275 3079 3577 3319 3332 3027 3490 3268 3123 3559 3172 3228 3397 3278 3310 3349 3495 3206 3095 3447 3234 3327 3162 3279 3395 3309 3296 3499 3399 3667 3526 3513 3132 3327 3704 3287 3305 3284 2845 3375 3369 3006 3658 3101 3125 3301 3027 3253 3481 3416 3368 3660 3313 3076 3501 3397 3158 3292 3435 3066 3455 3239 3292 3473 3208 3129 3172 3524 3289 3255 3555 3338 3275 3180 3542 3259 3326 3142 3181 
2744 2940 2979 2821 3032 3097 3163 2912 2916 2908 2785 2739 3265 3053 2932 2774 2959 3210 2784 3013 2922 2904 2881 3132 3024 3019 2826 3047 3030 2819 3168 2639 2881 3002 2952 3187 3115 2947 2872 2820 3174 2859 2818 2951 2996 3267 3076 2908 2937 2986 3310 3173 3200 2883 3046 3315 3068 3080 3029 2708 2997 3177 2792 3264 2613 2791 3024 2661 3017 3012 3025 3127 3483 2946 2871 3169 2887 2913 2906 3065 2726 3075 2923 2966 3121 2843 2910 2896 3294 3089 2982 3200 3199 2943 2950 3089 2884 3072 2809 2916 
2899 2910 2927 2835 3246 2956 3016 3032 3067 2903 2835 3034 3386 2908 2937 3065 2907 3016 2783 2844 3160 2962 2955 3359 3203 3172 2870 2938 3159 2770 3247 2901 2945 3105 2854 3104 2992 3257 2930 2809 3347 3179 2762 2885 2952 3069 3004 2893 3005 2943 3323 3114 3057 2848 3055 3286 2903 3078 3016 2629 3076 3016 2960 3422 2718 2819 3170 2645 3104 3122 3163 2986 3323 2895 2798 3031 2923 2913 2830 3199 2975 3125 2949 2884 3285 2868 2943 2819 3116 3054 2981 3255 3139 2896 3064 3238 2872 3059 2807 3066 
2915 2950 2849 2945 3366 3160 3231 2970 3000 2935 2979 3072 3501 3027 2962 3213 2950 3083 3021 3005 2956 2940 3091 3392 3322 3190 3014 3255 2900 2726 3272 2754 2902 3058 2975 3281 3124 3097 3016 2797 3117 3111 2930 2850 3115 3381 3221 3021 3057 3116 3386 3166 3424 2948 3007 3362 2888 3071 3251 2866 3092 3130 2862 3408 2784 2986 3175 2717 3188 3042 3259 3112 3324 3021 3131 3188 3020 2924 2930 3210 3137 3156 2990 2904 3102 2903 3044 3123 3309 3281 3137 3254 3232 2844 3159 3233 2899 3264 3021 3058 
2906 2975 3084 2951 3230 3156 3264 3099 3163 3265 2961 2998 3491 3098 3110 2913 3010 3385 2971 3036 3090 3046 3107 3261 3365 3105 3101 3222 3026 2846 3256 3011 2992 3179 3064 3204 3393 3125 3032 2801 3248 3212 3032 3014 3331 3303 3313 3072 3237 3120 3485 3372 3344 3035 3065 3462 3040 3197 3248 2873 3111 3130 2985 3505 2890 2816 3202 2889 3250 3079 3156 3269 3515 3172 2828 3101 3115 3044 3216 3264 3040 3263 3142 3057 3148 3090 3126 3194 3354 3219 2979 3293 3204 3028 3055 3378 3132 3231 3017 3118 
2512 2505 2552 2477 2648 2637 2748 2517 2888 2582 2447 2583 2897 2665 2670 2637 2561 2729 2585 2542 2565 2598 2579 2935 2768 2825 2559 2846 2698 2391 2799 2618 2638 2724 2587 2866 2733 2587 2788 2440 2787 2769 2523 2484 2787 3049 2727 2640 2817 2761 3052 2748 2726 2447 2625 2938 2532 2618 2704 2471 2716 2681 2550 2922 2473 2383 2606 2522 2636 2630 2670 2652 2975 2756 2666 2783 2535 2584 2572 2653 2532 2712 2740 2589 2746 2568 2525 2549 2807 2871 2684 2814 2729 2469 2604 2838 2572 2715 2505 2712 
2882 3028 2873 2980 3264 2997 3067 3022 2982 3099 2908 3114 3425 3027 2997 3076 2985 3033 2871 3004 3135 3101 2990 3229 3100 3104 2941 3089 3156 2838 3289 2937 2950 3211 3035 3255 2992 3230 2953 2750 3333 3029 2976 3096 2951 3236 3165 3089 3052 3160 3392 3125 3273 2741 3026 3334 2825 2969 3204 2624 3222 3074 2813 3294 2785 2912 3042 2693 2918 3014 3338 2869 3423 3096 2973 3132 3033 2880 2898 3245 2954 3227 2981 3152 3239 3038 2931 2971 3250 3114 2924 3313 3200 2773 3085 3300 2953 3357 3023 3067 
2734 2830 2749 2726 3142 2858 2960 2758 3072 2935 2895 2903 3254 2954 2911 2894 2803 3015 2884 2798 2833 2969 2789 3185 3039 3025 2816 3049 2857 2688 3122 2818 2881 3071 3202 3041 3068 2996 2879 2758 3068 2927 2955 2771 3033 3249 2959 2870 3161 2998 3197 3099 3154 2723 2897 3341 2964 3057 3056 2542 2925 3074 2561 3386 2805 2638 2953 2718 2943 2960 2883 2869 3267 2924 2897 3083 2953 2900 2998 3021 2859 3015 2886 2829 3064 2780 2774 3009 3175 3039 2899 3222 2981 2774 2876 3180 2813 3055 2805 3014 
2713 2977 2890 2936 3305 3035 3252 3165 2939 3137 3215 2982 3567 2997 2927 2954 3053 3231 2752 2931 3026 3003 2939 3259 3099 3052 2952 3186 3241 2744 3289 2764 2889 3069 2986 3332 3037 3219 3016 2866 3239 3012 2977 2890 3046 3165 3258 3109 3154 3154 3360 3155 3199 2883 3099 3321 2940 3050 2982 2819 3105 3182 2881 3444 2759 3002 3182 2920 2902 3060 3088 3097 3446 3153 2969 3218 3043 3067 2998 3120 3040 3207 2977 3074 3302 3074 3052 2964 3145 3097 2939 3235 3228 2942 2964 3262 3077 2994 2992 2840 
3075 3132 3077 3066 3328 3048 3186 3066 3021 3240 3013 3167 3556 3065 3066 3037 2974 3294 2939 3210 3168 3150 3006 3270 3313 3137 2950 3175 3188 3000 3471 2986 2990 3151 3055 3079 3228 3215 3030 2856 3209 3149 3040 3070 3170 3298 3205 2940 3215 3088 3514 3362 3341 3011 3066 3425 3162 3305 3248 2840 3123 3221 3149 3629 2831 2867 3280 2833 3310 3102 3264 3063 3428 3042 2924 3304 3201 2995 2966 3369 3020 3137 3080 3044 3226 3201 3078 3132 3321 3278 3047 3317 3289 3036 3067 3245 2902 3224 3015 3076 
2578 2792 2643 2660 2871 2926 2795 2754 2701 2687 2748 2772 3182 2738 2748 2768 2794 2920 2642 2675 2849 2775 2792 3023 2911 2659 2717 2892 2752 2617 2941 2505 2790 2890 2718 2800 2931 2977 2671 2424 3013 2805 2737 2715 2787 2924 2894 2652 2741 2826 3205 2718 2827 2605 2799 3134 2651 2838 2860 2565 2744 2947 2627 3087 2494 2630 2915 2606 2816 2888 2788 2868 3146 2706 2780 3017 2819 2728 2758 2913 2762 3021 2665 2698 2972 2738 2784 2663 3059 3024 2696 2998 2993 2773 2815 3135 2614 2994 2637 2712 
3137 3103 3043 2957 3500 3302 3330 3066 3293 3132 3136 3256 3646 3272 3153 3143 3209 3401 3152 3057 3106 3188 3098 3703 3326 3236 3074 3364 3261 2943 3383 3098 3296 3327 3210 3407 3289 3363 3110 3037 3385 3277 3136 3058 3270 3500 3245 3241 3492 3352 3650 3384 3376 2987 3139 3629 3246 3160 3261 2856 3420 3257 2992 3672 3003 3079 3215 3154 3198 3231 3323 3381 3674 3238 3205 3344 3268 3259 3232 3342 3213 3499 3152 3166 3343 3141 3163 3202 3419 3370 3369 3360 3256 3182 3124 3428 3247 3347 3089 3274 
3010 3204 3088 3155 3531 3124 3273 3166 3258 3339 3110 3059 3672 3270 3240 3112 3229 3311 2907 3091 3251 3193 3163 3354 3405 3326 2977 3338 3400 3017 3575 3024 3195 3386 3203 3352 3344 3210 3232 2943 3461 3249 3257 3242 3197 3413 3252 3206 3343 3441 3670 3284 3518 2964 3241 3532 3161 3297 3513 2999 3091 3353 3103 3562 2946 3075 3261 2982 3342 3382 3300 3122 3700 3179 3184 3483 3207 3051 3179 3434 3128 3461 3211 3070 3490 3001 3270 2979 3503 3371 3337 3608 3358 3151 3226 3298 3100 3265 3176 3267 
2982 2924 3018 2981 3322 3195 3441 3007 3134 3074 3008 3147 3451 3101 3099 2854 3074 3157 2907 3072 2922 2993 3115 3268 3200 2948 2917 3146 3079 2863 3279 2720 3072 3095 2988 3149 3163 2971 2994 2885 3268 2961 3057 2855 3084 3288 3136 3070 3190 3309 3519 3310 3183 2904 2962 3376 2973 3277 3200 2853 3181 3023 2912 3451 2715 2912 3104 2902 3015 3069 3178 3205 3532 3162 2924 3144 3134 2916 2918 3173 2905 3162 2957 3071 3226 3019 3046 2971 3356 3239 3121 3317 3202 2940 2878 3152 3216 3069 2957 2947 
2574 2494 2593 2493 2830 2635 2906 2704 2671 2495 2503 2625 3074 2723 2530 2645 2539 2797 2506 2675 2814 2648 2671 2940 2829 2712 2656 2836 2640 2474 2789 2614 2642 2785 2690 2851 2820 2677 2689 2622 2865 2742 2631 2554 2774 2909 2805 2592 2893 2826 2979 2890 2769 2417 2726 3185 2616 2914 2833 2520 2845 2772 2418 2997 2417 2801 2796 2552 2787 2835 2687 2834 3077 2602 2478 2843 2618 2622 2545 2818 2667 2732 2652 2529 2817 2542 2731 2520 2739 2826 2817 2771 2971 2636 2699 2836 2736 2702 2601 2695 
2842 2757 2885 3053 3183 3004 3083 2796 2986 2912 2873 2890 3486 3046 2901 2802 3024 3115 2693 3031 3035 2860 2872 3262 3115 3176 2814 3046 3102 2774 3096 2679 2972 2939 2948 3134 3082 3011 3004 2804 3207 2958 3064 2738 3053 3040 3011 3058 3029 3104 3490 3194 3133 2777 2885 3272 2885 3097 3137 2777 3148 3131 2862 3501 2789 2924 3189 2772 3095 2993 3121 3022 3453 2951 2717 3046 3252 2939 2995 3249 2743 3261 2954 2980 3145 2979 2914 2851 3119 3199 2889 3183 3215 2946 2993 3126 2839 3046 3024 2961 
2976 2939 2954 2895 3266 3139 3246 3233 2988 2925 2972 3081 3567 3074 3111 2916 2946 3221 2746 3043 3050 3088 2894 3345 3126 3131 2798 3147 3189 2837 3312 2848 3074 3150 2825 3144 2927 3139 2996 2867 3225 3083 3006 2831 3019 3189 3144 3065 3264 3238 3590 3105 3333 3019 2961 3463 2945 3031 2958 2625 3258 3093 2920 3381 2826 2912 3280 2863 3074 2972 3158 3025 3603 3126 2950 3314 2949 3026 2915 3230 2997 3121 3021 3159 3225 2862 3017 2804 3313 3241 3023 3107 3263 2961 3116 3125 2803 3083 2781 2900 
2975 3000 3031 2943 3213 3126 3254 3087 3057 3007 3109 2991 3504 3155 2997 2987 2992 3237 2908 2998 3143 3096 3006 3414 3042 3047 2939 3169 3040 2892 3347 2787 3045 3055 2991 3155 3218 3157 3065 2759 3324 3282 2833 2932 3090 3284 3285 2954 3104 3125 3490 3210 3233 2899 2946 3431 2975 3059 2933 2674 3058 3222 3018 3395 2882 2798 3194 2877 3231 2955 3209 2996 3513 3053 2883 3208 3025 2941 2934 3124 2994 3229 3103 3115 3192 2979 3065 2855 3339 3102 3117 3219 3166 3050 3067 3297 2939 3016 2845 2957 
2973 2911 2870 2942 3115 3133 3160 2885 3001 2768 3042 3003 3413 2892 3080 3075 2856 3048 2927 2807 3068 3056 2859 3359 3216 3124 2968 2898 2936 2841 3164 2784 2940 2925 2822 3001 2908 3183 2890 2857 3246 3136 2780 2912 3127 3029 3130 2731 3069 3026 3376 3146 3223 2906 2862 3349 3012 3134 3169 2772 3104 2929 2893 3366 2735 2838 3143 2649 2807 3031 3182 3201 3294 2936 2952 3125 2976 2929 2744 3097 3005 3179 2852 3017 3164 3090 3038 2956 3189 3145 2881 3072 3029 2782 2929 3241 2908 3132 2769 3006 
2890 3017 3054 3075 3182 3099 3312 3137 3115 3018 3078 3112 3467 3259 3129 2999 3076 3217 2935 2992 3135 3166 3102 3378 3265 3079 3081 3200 3121 2771 3385 2891 3100 3190 3173 3171 3266 3148 3039 2967 3242 3164 3039 2847 3213 3228 3184 3046 3174 3080 3547 3210 3328 2904 3179 3372 3009 3197 3249 2825 3034 3117 2970 3459 2971 2916 3216 2913 3277 3047 3119 3132 3541 3099 2903 3283 3072 3038 2948 3375 3032 3233 3100 3145 3145 3009 3151 2889 3240 3087 3152 3341 3317 3047 3104 3367 3076 3110 2863 3104 
2742 2801 2806 2963 3002 2978 3038 2919 2921 2959 2866 2804 3427 3074 2974 2912 2844 3054 2894 2848 2931 2920 2807 3202 3068 3072 2829 3143 2749 2736 3297 2727 2832 2944 2884 2911 3078 3048 2840 2719 3184 3130 2877 2674 2934 3174 3183 2953 2943 2917 3259 3160 3182 2904 2921 3341 2728 2991 2882 2567 3055 2845 2884 3220 2748 2815 3037 2506 2926 3003 3111 3014 3226 2846 2768 2965 2905 2773 2740 3006 3029 3199 2938 2928 2990 2784 2959 2895 3214 3100 2837 3212 3045 2911 2935 3143 2863 3025 2708 3022 
2727 2885 2631 2619 2940 2675 2802 2797 2816 2806 2768 2897 3112 2845 2761 2766 2841 3127 2544 2701 2863 2843 2663 2915 2925 2962 2640 2897 2754 2644 2977 2697 2825 3022 2795 2928 2760 2940 2693 2591 2983 2731 2636 2587 2903 3012 2848 2871 2911 2878 3062 2948 2988 2788 2638 2943 2831 2738 2830 2472 2813 2890 2663 3144 2519 2652 2851 2457 2746 2770 3013 2684 3220 2797 2662 2941 2807 2670 2827 2941 2729 2806 2789 2668 3010 2795 2865 2641 3089 2751 2766 2898 2842 2713 2800 2836 2692 3034 2674 2862 
2872 2930 2725 2956 3252 3093 3019 2930 3011 2950 2946 2945 3517 2917 2967 3150 2947 3223 2686 2932 2948 2825 2756 3150 3090 3090 3069 3157 3001 2860 3126 2883 2865 3024 2728 3138 3144 3273 3179 2832 3174 2958 2998 2865 2988 3146 3150 3030 3083 3093 3490 3101 3376 2890 3085 3356 2809 3171 3087 2786 3057 2948 2891 3370 2617 2815 3061 2748 3107 3195 3177 3200 3394 2980 2847 3108 3062 2865 2955 3039 2894 3156 3000 3044 3105 2848 2968 3009 3280 3045 2905 3048 3156 2910 2969 3200 2988 3075 2936 2788 
2813 2761 2802 2855 3184 3144 3094 2931 2849 2803 2888 2921 3383 2909 2834 2807 2860 3023 2878 2814 2812 2912 2787 3158 3099 3008 2825 2986 2978 2693 3208 2688 2684 3014 2804 3128 2899 3111 2848 2784 3175 3059 2886 2921 3078 3152 2981 2921 3048 3124 3172 3226 3236 2894 2906 3378 2921 3013 3042 2719 3171 3031 2754 3394 2690 2870 3029 2708 2911 2936 3063 3034 3313 2986 2735 3155 2850 2908 2901 3072 2907 3170 2862 2826 3107 2897 2922 2829 3330 3127 2875 3070 2891 2817 2952 3149 2864 3117 2866 2944 
2882 2941 2697 2874 3253 2919 3015 3116 2939 2970 2987 2925 3555 2983 3034 2976 2851 3126 2718 2826 3049 2932 2718 3193 3133 3041 2877 3192 3040 2608 3204 2686 2862 3081 3039 3096 3006 3113 2906 2886 3104 2845 3014 2919 3078 2983 3036 3043 3097 2999 3348 3046 3192 2926 3001 3336 2964 2916 3051 2835 3075 3192 2773 3309 2719 2790 3005 2671 3012 2977 3000 3081 3529 3191 2774 3050 3046 2738 2797 3058 2887 3153 2882 3063 3163 2913 3098 2980 3234 3066 2899 3186 3070 2882 2869 3124 2938 3004 2853 2858 
3063 3149 2997 3111 3329 3307 3330 3245 3258 3191 3195 3180 3761 3223 3278 3233 2959 3440 3117 3043 3248 3325 3296 3520 3397 3335 3223 3460 3218 2963 3478 2965 3051 3355 3228 3324 3312 3298 3238 3054 3343 3333 3223 3119 3258 3421 3363 3081 3384 3203 3524 3350 3533 3234 3335 3594 3225 3346 3366 3123 3168 3381 3136 3717 2823 2927 3282 3010 3369 3326 3187 3382 3619 3171 3109 3310 3197 3171 3077 3498 3124 3287 3098 3112 3320 3126 3236 3141 3552 3339 3143 3514 3333 3178 3272 3410 2993 3402 3086 3348 
2703 3023 3037 2839 3264 3214 3262 3093 3124 3193 3147 3140 3343 3116 3005 2883 3033 3237 2900 2889 2957 3061 2843 3476 3178 3099 2876 3208 3243 2836 3486 2631 2965 3157 2965 3323 3254 3247 3165 2941 3224 3085 2951 3092 3167 3325 3204 2964 3102 3192 3502 3388 3393 2943 3143 3336 3142 3192 3133 2726 3011 3425 3028 3508 2961 2839 2932 2783 3261 3096 3234 3029 3457 3110 2948 3260 3207 3083 3171 3222 3128 3190 3150 3095 3447 3143 3111 3003 3406 3172 3072 3270 3139 2971 3117 3325 3201 3060 2950 3077 
3045 3217 3119 3172 3468 3323 3301 3190 3142 3251 3148 3172 3771 3250 3249 3179 3235 3424 3010 3192 3220 3175 3031 3452 3368 3256 3063 3402 3201 2997 3603 3066 3186 3324 3187 3509 3414 3443 3302 3149 3457 3319 3208 3128 3305 3567 3251 3257 3504 3274 3635 3410 3484 3179 3246 3620 3290 3336 3345 2893 3371 3387 3053 3761 3043 3111 3479 3150 3370 3264 3373 3243 3571 3399 3237 3482 3121 3374 3262 3238 3037 3469 3294 3244 3535 3108 3211 3185 3523 3350 3355 3436 3410 3260 3106 3433 3139 3423 3079 3319 
2520 2768 2778 2603 3097 2960 3087 2730 3086 2769 2775 2884 3440 2820 2863 2952 2599 2866 2677 2567 2671 2812 2780 3159 3044 2798 2835 2772 2975 2628 2956 2700 2663 2721 2809 3017 2969 2978 2805 2532 3023 3049 2648 2869 3035 3045 3085 2595 2969 2788 3237 2944 2896 2805 2760 3087 2683 2880 2923 2788 2808 2773 2772 3244 2694 2374 2809 2565 2856 2814 2966 2857 3019 2813 2673 2992 2767 2661 2685 2862 2986 3046 2893 2795 3124 2796 2756 2814 3199 2973 2868 3144 2789 2647 2737 3096 2799 2847 2626 2775 
2795 2781 2776 2927 3051 3050 3183 2808 2958 2824 2856 2883 3362 2983 2964 2911 2965 2951 2885 2839 2949 2868 2906 3164 3063 2865 2928 3005 2913 2777 3228 2730 2847 2906 2819 2952 3168 2969 2816 2612 3123 3116 2735 2831 3083 3372 2939 2975 3012 3150 3270 2999 3112 2767 2924 3388 2678 2929 3144 2805 2963 2855 2858 3184 2734 2685 3061 2762 3010 2960 3020 3024 3332 2910 2823 3060 2732 2803 2694 3053 2929 3082 2845 2816 2972 2742 3061 2861 3193 3107 3089 3175 3085 2942 2885 3057 2804 3196 2751 2874 
3119 3134 3122 3039 3421 3302 3470 3278 3176 3282 3265 3203 3654 3319 3351 3208 3273 3339 3134 3062 3181 3246 3226 3695 3267 3260 3251 3503 3275 3081 3509 2927 3292 3276 3131 3305 3430 3400 3219 3096 3536 3382 3123 3062 3245 3567 3287 3210 3334 3383 3650 3445 3481 3132 3288 3792 3143 3215 3294 2817 3374 3303 2995 3614 3032 3113 3437 3125 3295 3284 3385 3396 3539 3188 3071 3257 3254 3101 3017 3393 3269 3338 3225 3352 3344 3054 3232 3173 3677 3389 3262 3412 3555 3185 3310 3463 3078 3332 3144 3177 
3083 3058 2780 3085 3340 3242 3166 2846 2944 2956 3055 3072 3542 2920 2995 3032 3038 3055 2761 3037 3001 2964 2970 3397 3279 3177 3034 3145 3036 2846 3362 2784 2961 3005 2933 3315 3099 3205 3097 2787 3117 3108 2829 2983 3162 3265 3169 3145 3270 3051 3267 3267 3269 2910 2882 3236 3028 3149 3165 2716 3238 3187 2922 3557 2849 2868 3189 2948 3198 3005 3269 2829 3594 2928 2726 3199 3176 3066 3048 3090 2996 3292 3154 3060 3089 3201 3014 2988 3318 3247 3002 3224 3111 2975 3012 3131 2918 3148 3071 3030 
2630 2764 2805 2767 2933 2771 2861 2669 2667 2902 2676 2778 3091 2895 2733 2800 2734 2954 2750 2607 2764 2754 2681 2935 2901 3051 2813 3004 2933 2682 3069 2744 2753 3013 2848 2787 2905 2972 2586 2538 2982 2962 2604 2679 2898 3251 2875 2779 2904 2735 3013 2986 3051 2654 2817 3121 2751 2662 2924 2379 2899 2871 2766 3092 2600 2668 2869 2575 2876 2898 2971 2662 3092 2706 2581 2950 2778 2813 2649 2939 2783 2907 2734 2633 2787 2917 2744 2582 3101 2866 2923 3180 2816 2788 2784 3023 2644 2975 2648 2946 
2739 2870 2866 2912 3161 3131 3140 2739 2868 3087 2982 2706 3301 2980 2978 2747 2811 3164 2776 2727 2906 2919 2949 3113 2942 2992 2811 3061 3023 2869 3146 2540 2943 3128 3147 3027 2989 2981 2861 2800 3166 3014 2917 2908 3058 3077 3050 2932 2990 2998 3208 3033 3215 2898 2988 3456 3077 3156 3073 2554 3023 3037 2762 3333 2669 2849 3003 2713 3081 2989 2988 2925 3488 2848 2645 3146 2923 2860 2967 3063 2975 3164 3015 2850 3109 2781 2962 2718 3394 3001 2786 3314 3065 2760 3047 3046 2814 2955 2780 2887 
2814 2906 2832 2752 3274 3081 3060 2885 3007 2918 2954 3024 3294 2862 2974 2996 2931 3111 2722 2883 2888 2996 2924 3264 3040 3068 2800 3077 3071 2793 3108 2688 2929 2941 2906 3059 3034 3059 2979 2791 3120 3169 2816 2737 3093 3181 3031 2878 3001 3258 3431 2983 3170 2895 2986 3307 2921 3082 2947 2725 2942 2930 2956 3415 2730 2913 3111 2790 2985 3147 3088 3049 3320 2950 2956 3221 3101 2873 3018 3093 3075 3104 2917 2786 3178 2805 2992 2901 3245 3097 3073 3203 3119 2951 3107 3129 2803 3186 2793 2896 
2875 2846 2887 2950 3270 3156 3318 2975 3089 3156 2823 3073 3563 3178 3187 2933 2995 3240 2837 3024 3018 3108 3029 3375 3137 3007 3018 3247 3167 2836 3328 2918 3096 3062 3039 3302 3107 3013 3106 2855 3101 3025 2962 2983 3054 3199 2967 3050 3129 3129 3525 3147 3174 3028 3166 3359 3138 3218 3094 2734 3144 3034 2862 3513 2783 2815 3163 3011 3136 3033 3190 3225 3446 3215 2837 3141 2962 3068 3006 3130 2971 3224 2943 3139 3279 2977 3069 3073 3244 3132 2986 3276 3318 3089 2946 3171 3083 3003 2828 3168 
3237 3273 3040 3331 3660 3486 3320 3168 3308 3299 3296 3444 3829 3356 3239 3352 3314 3495 3042 3250 3262 3303 3335 3652 3428 3440 3259 3388 3503 3166 3605 2978 3309 3332 3227 3520 3419 3641 3408 3224 3479 3423 3233 3151 3145 3526 3414 3377 3502 3471 3740 3484 3552 3150 3201 3556 3250 3431 3569 2961 3415 3448 3222 4033 3063 3104 3633 3155 3352 3389 3459 3330 3716 3387 3204 3405 3591 3455 3311 3497 3160 3532 3349 3463 3592 3374 3243 3434 3610 3541 3178 3492 3586 3236 3401 3638 3153 3387 3275 3206 
2531 2734 2825 2733 3178 2884 3095 2713 2910 2997 2918 2779 3251 2873 2734 2745 2723 2983 2769 2722 2691 2855 2699 3018 2951 2904 2882 2767 2910 2680 2929 2662 2747 2865 2698 2790 3054 2962 2832 2590 2916 2879 2829 2664 2894 3016 2961 2785 2949 2892 3075 3056 3012 2708 2716 3128 2821 2951 2958 2795 2875 2792 2820 3296 2526 2612 2864 2592 2666 2856 2916 2942 3102 2881 2695 3123 2842 2779 2816 2936 2799 3040 2675 2864 2933 2878 2724 2762 3147 2988 2696 3069 2951 2690 2665 2969 2700 2831 2791 2670 
2660 3033 2844 2905 3135 3039 3086 2776 2988 2845 2904 2974 3372 2943 2913 2899 2902 3159 2612 2965 3083 3144 2877 3303 3007 2893 2996 3052 3033 2712 3230 2789 2921 3049 2926 3232 3008 3077 3056 2853 3232 2984 3091 2879 2877 3110 3137 2783 2919 3173 3529 3222 3212 2862 3101 3417 2881 3314 3128 2706 3050 3157 2782 3451 2743 2784 3012 2762 3099 3021 3088 2991 3282 3042 2893 3308 2954 2957 3075 3102 2909 3262 3031 2996 3213 2808 2980 2991 3179 2976 2954 3060 3330 2935 3122 3140 2967 3152 2795 3040 
2984 3104 3022 3110 3318 3238 3301 3149 3246 3280 3366 3275 3646 3153 3203 3187 3086 3256 2993 2849 3220 3207 2964 3503 3380 3225 3223 3378 3262 3055 3403 2983 3072 3254 3187 3422 3203 3301 3218 3010 3411 3314 3140 3051 3417 3498 3257 3033 3287 3377 3606 3293 3409 3061 3245 3711 3146 3294 3294 3072 3205 3283 3080 3663 2897 3089 3220 3002 3181 3256 3294 3228 3401 3115 3035 3491 3387 3023 3087 3374 3310 3413 3293 3189 3339 3175 3295 3033 3549 3317 3161 3387 3281 3119 3205 3422 3097 3347 3170 3191 
2986 2960 2947 3019 3080 3013 3027 3033 3016 2973 2938 2992 3411 3075 2946 3051 3053 3173 2821 2944 3168 3005 2821 3273 3045 3113 2905 3188 3029 2932 3245 2734 3072 3079 2852 3188 3114 3199 2952 2926 3229 3197 2853 2912 2903 3011 3169 2912 3066 3094 3442 3087 3343 2817 2951 3421 2891 3060 3151 2692 3052 3030 2911 3461 2768 2911 3089 2774 3113 2940 3220 2953 3482 3019 2878 3044 3063 2958 2983 3152 3044 3273 3046 3081 3164 3129 3060 2917 3270 3085 2882 3238 3248 2959 2974 3366 3013 2978 2923 2878 
3036 3067 2946 3220 3270 3235 3365 2970 3167 3156 3152 3233 3655 3056 3131 2950 3113 3231 3067 2981 3344 3192 3104 3591 3347 3342 2977 3287 3336 3255 3544 2995 3117 3085 3056 3284 3312 3318 3177 2946 3282 3207 3126 3198 3190 3308 3248 3079 3214 3368 3655 3375 3391 2990 3185 3587 3147 3292 3297 2933 3205 3250 3071 3739 2927 3010 3349 2898 3201 3222 3366 3232 3486 3160 3001 3386 3344 3119 3077 3376 3149 3474 2982 3269 3350 3207 3109 3080 3365 3440 3094 3494 3329 3210 3315 3405 2893 3240 3139 3190 
2978 3030 3200 3127 3460 3269 3303 3318 3091 3185 3184 3081 3659 3330 3267 3000 2972 3355 3065 3069 3218 3166 2995 3584 3348 3402 2993 3299 3395 2963 3500 3164 3243 3322 3365 3356 3284 3105 3188 3080 3285 3295 3100 3224 3366 3354 3304 3130 3387 3159 3609 3254 3299 3151 3183 3582 3329 3315 3133 2925 3336 3343 2964 3583 3051 3032 3312 2996 3239 3196 3351 3085 3720 3354 3086 3538 3085 3105 3046 3368 3085 3269 3204 3226 3373 3190 3121 3116 3413 3330 3219 3513 3316 3138 3104 3327 3066 3153 3071 3235 
2810 2875 2844 2847 3169 3044 3194 2950 3069 2986 2899 3028 3567 3012 2857 3009 2848 3145 2730 3034 3041 3022 2919 3247 2963 2996 2972 3062 2974 2713 3207 2963 2964 3092 3101 3293 3039 2985 3078 2884 3110 3033 2851 2797 3058 3311 3156 3034 3229 2959 3284 3223 3105 2864 3005 3240 2855 3042 3030 2747 3153 3041 2839 3396 2835 2795 3122 2640 3046 2937 3184 2939 3456 3046 2892 3256 2911 2766 2872 3005 2885 3005 2993 3054 3163 2879 3029 2947 3141 3048 3029 3237 3298 2903 2841 3080 2900 3061 2770 3067 
2909 2826 2866 2766 3173 3027 3132 2863 2971 2951 2881 3190 3360 2864 2943 2839 2863 3180 2742 2904 2879 2944 2857 3150 3084 2804 2773 3025 2963 2772 3167 2800 2869 2905 2911 3151 2982 3178 2941 2712 3047 2903 2789 2895 2948 3203 3010 2786 3004 3021 3395 3049 3054 2778 2976 3350 2932 3106 2986 2739 2965 3047 2775 3483 2680 2798 3082 2832 3000 2927 2977 3006 3226 3049 2838 3226 3051 2923 2874 3006 2811 3110 2873 2947 3174 2896 2942 2993 3194 3201 2897 3184 3062 2933 2822 3200 2853 3062 2854 2866 
2624 2676 2581 2817 2854 2859 2852 2688 2836 2862 2564 2812 3282 2838 2696 2805 2689 3034 2580 2802 2793 2788 2777 2977 2994 2853 2740 3012 2812 2727 3172 2694 2842 2885 2740 2980 3049 2876 2739 2514 2854 2819 2803 2620 2755 3048 3018 3015 2937 2862 3010 2967 3012 2621 2894 3027 2659 2948 2921 2736 2926 2919 2648 3034 2522 2619 2773 2477 3068 2908 2991 2844 3341 2880 2478 2838 2850 2694 2773 2920 2667 2947 2690 2765 2846 2693 2854 2825 3006 2862 2705 3050 2974 2666 2696 3018 2900 2848 2647 2743 
2827 2770 2717 2891 3063 2858 2862 2786 2879 2861 2908 2861 3266 2967 2867 2811 2769 3060 2668 2764 2960 2892 2774 3193 3075 2798 2952 2984 3041 2543 3262 2834 2822 3072 2897 3150 2839 2974 2843 2669 2955 2780 2672 2934 3048 3076 2936 2802 3022 2928 3190 3087 3065 2575 2906 3191 2926 2992 3009 2687 2963 3151 2889 3227 2662 2682 3049 2608 3061 2892 2904 2763 3136 3073 2671 3144 2869 2775 2732 2992 2673 2967 2873 2869 3168 2948 3112 2861 3083 3036 2786 3193 2932 2739 2795 3177 2799 2933 2683 3084 
2745 2822 2648 2727 3083 3104 2975 2799 2927 2850 2925 2774 3236 3018 2829 3012 2861 3154 2815 2657 2748 2870 2802 3133 2967 2986 2774 3058 2874 2556 3017 2655 2808 2920 2780 3102 2951 3083 2914 2644 3059 2850 2699 2668 2911 3084 3035 2882 2943 2965 3139 3056 3143 2772 2862 3260 2734 2777 3043 2596 2909 2987 2834 3268 2631 2661 2984 2734 2922 2883 2973 2910 3239 2828 2702 3076 2848 2722 2757 2936 2871 3000 3002 2843 3017 2638 2927 2808 3230 3103 2913 3012 3019 2810 2908 3092 2740 2841 2757 2899 
2990 3080 2888 2992 3243 3277 3232 3057 3001 3096 3111 3123 3527 3192 3098 2932 3079 3258 2979 2846 3228 3159 3076 3377 3166 3138 2984 3176 3124 2968 3453 2908 3106 3162 3025 3306 3141 3211 3129 2859 3222 3243 2930 2880 3138 3312 3207 3115 3174 3208 3469 3230 3250 3028 2895 3381 2955 2991 3156 2797 3148 3209 2974 3550 2970 2802 3290 2898 3047 3094 3234 2951 3539 3181 2955 3390 3122 3047 3036 3195 3045 3326 3142 3157 3408 3134 3042 2921 3355 3261 2997 3317 3179 3024 2996 3481 2921 3112 2942 3194 
2821 2900 2885 2771 3205 2987 3245 3046 3155 3100 3039 2956 3350 2986 2973 2870 2981 3116 2903 2862 2918 2945 2943 3225 3034 2967 2860 3110 3115 2713 3183 2940 3142 3140 2902 3112 3015 3022 2855 2753 3276 3101 2890 2972 3047 3111 3022 3049 3066 3101 3303 3094 3084 2955 2975 3223 2960 2972 2928 2727 3025 2955 2776 3333 2682 2793 2808 2855 2880 2894 3229 2947 3462 3137 2919 2962 2926 2772 2915 3112 2966 3103 2982 2867 3216 2995 3052 2890 3226 3039 2846 3122 3174 2823 2913 3167 2940 3098 2838 2888 
2953 3080 2896 2995 3350 3117 3369 3069 3105 3101 3131 3063 3506 3110 3107 2996 3060 3190 2947 2833 3007 3146 3046 3492 3238 3240 2914 3207 3112 2766 3277 2823 3058 3178 3008 3303 3054 3252 3017 3009 3352 3140 2895 3010 3175 3214 3138 3073 3258 3194 3362 3181 3222 3023 3074 3382 3055 3040 3078 2839 3144 3216 2998 3633 2879 3040 3206 2871 2952 3046 3263 3112 3519 3014 2887 3167 3129 2908 2896 3219 3085 3197 3052 2967 3303 3000 3152 2886 3421 3436 3035 3270 3257 2933 2996 3233 2774 3163 2976 3119 
2874 2895 2950 2986 3205 3265 3165 3043 2997 2909 2969 2985 3369 3048 3013 2979 2955 3084 2868 2716 3064 2989 2883 3329 3159 3004 2992 3071 3012 2903 3301 2850 2969 3056 3048 2989 3096 3164 2950 2678 3256 3033 3001 3020 2941 3189 3201 2539 3117 3054 3453 3098 3204 2930 3023 3451 3019 3013 3226 2816 3163 3036 2981 3502 2672 2760 3065 2628 3161 3081 2907 3111 3487 2934 2855 3266 2911 2916 2755 3253 2937 3123 2956 2891 3020 2997 3075 2825 3316 3298 3178 3295 3119 2952 3087 3296 3030 2999 2808 3029 
2859 2829 2943 2944 3093 3049 3140 2974 3097 3020 3003 3123 3360 3055 2854 3101 2860 3106 2830 2837 2964 3025 2838 3365 3147 2988 3038 3296 3011 2841 3185 2788 2920 3079 2926 3026 3133 3164 3009 2804 3256 3014 2904 3012 2857 3223 3109 2898 3197 3136 3255 3267 3263 2789 3083 3508 3020 3081 3201 2861 3209 3218 3004 3458 2635 2864 3213 2771 3064 3097 2954 3069 3294 2960 2680 3066 3186 2954 2938 3164 2905 3044 3014 3007 3182 3112 3015 2938 3343 3235 2871 3333 3099 2985 2990 3282 2945 2980 2970 2949 
2584 2885 2686 2915 3219 3104 3022 2916 2825 2900 2837 2919 3393 3002 2897 2830 3053 3077 2883 2804 2764 3010 2734 3194 3057 2954 2834 3029 2921 2698 3270 2670 2889 2978 2766 3093 3022 3082 2850 2790 2978 2803 2884 2848 2844 3046 3027 2736 2902 2913 3356 3099 3199 2738 2849 3286 2935 2950 2940 2625 3003 3094 2880 3243 2700 2720 3027 2538 2899 2989 3039 2989 3113 3049 2922 3032 2923 2924 2816 2900 2862 3140 2796 2895 3066 2823 2921 2891 3322 3164 2910 3071 3002 2879 3016 3235 2872 2881 2678 2746 
2768 2774 2681 2722 3046 2879 3203 2758 2862 2877 2747 2910 3355 2992 2751 2939 2869 3093 2799 2738 2893 2914 2745 3118 2885 2898 2800 3099 2992 2798 3202 2896 3032 3128 2873 3053 2939 3104 2908 2831 3128 2839 2830 2922 2792 3251 2720 2940 2899 3003 3120 2938 3027 2827 3191 3179 2944 2924 2795 2530 2941 2927 2758 3239 2773 2643 2864 2736 2866 2875 3075 2965 3325 3037 2693 3040 2844 2807 2812 3033 2711 2945 2941 2866 3099 2663 2878 2855 3193 3012 2980 3095 3128 2858 2829 3066 2747 3019 2591 2845 
2773 3045 3066 3032 3267 2994 3294 3100 3252 3168 3087 2920 3422 3145 3009 3033 3064 3211 2794 2916 3126 3051 2878 3366 3095 3085 3088 3179 3168 2856 3318 2851 2960 3163 3159 3150 3231 3190 3068 2904 3297 3046 3022 3036 3076 3410 3192 2940 3081 3138 3482 3218 3281 2814 3181 3548 3035 3099 3140 2925 3111 3240 2889 3528 2848 2911 3112 2760 3128 3045 3056 3329 3432 3095 2925 3290 3060 2800 3029 3064 2993 3317 3064 2990 3098 2992 3121 2978 3510 3075 3149 3449 3259 3147 3084 3282 2941 3230 3001 3077 
3133 3395 3329 3258 3582 3404 3414 3507 3263 3277 3415 3266 3890 3541 3245 3309 3405 3701 3203 3278 3483 3298 3258 3724 3487 3478 3231 3481 3433 3230 3508 3164 3328 3425 3393 3580 3627 3502 3306 3003 3494 3479 3255 3218 3451 3602 3578 3418 3499 3436 3736 3610 3612 3253 3217 3924 3286 3314 3438 3051 3517 3649 3179 3703 3076 3248 3685 3038 3440 3374 3498 3300 3978 3387 3138 3470 3367 3353 3377 3519 3263 3626 3417 3432 3549 3398 3354 3282 3625 3387 3315 3726 3515 3337 3260 3628 3301 3326 3249 3276 
3039 3027 3059 2854 3075 2997 3265 3009 3034 2892 2917 3152 3452 3068 3004 3084 2930 3165 2931 2898 3243 3142 3089 3353 3320 3213 2863 3161 3185 2874 3270 3035 2934 3148 3016 3204 3050 3154 3005 2784 3287 3033 2905 2748 3182 3276 2973 3056 3154 3001 3470 3185 3167 2928 3046 3406 3017 3167 3192 2844 3096 3005 2997 3572 2868 3069 3196 2871 3172 3126 3338 3178 3360 3070 2853 3214 2989 3008 2939 3273 3060 3162 3125 2950 3303 3122 3199 2921 3114 3211 3043 3261 3170 2913 2971 3322 2915 3243 2949 3109 
2936 2924 2968 2886 3147 3023 3120 2905 3014 3020 2983 2969 3386 2943 2975 2984 2884 3090 2736 3032 2965 3172 3016 3276 3225 3175 2948 3250 3141 2839 3368 2903 2885 3035 3021 3273 3019 3075 2869 2828 3229 2982 2895 2837 3022 3158 3118 3130 3158 3088 3455 3256 3127 2764 3001 3319 3005 3179 3210 2808 3121 3079 2922 3418 2829 2937 3159 2765 3196 3155 3201 2986 3310 3050 2835 3141 3153 2918 3057 3173 2979 3237 3024 2976 3250 3012 3031 2988 3087 3167 2916 3278 3117 2786 3108 3296 3070 3021 2900 3000 
2688 2695 2658 2703 2914 2939 2988 2809 2652 2756 2795 2665 3260 2896 2706 2737 2704 2995 2794 2762 2755 2909 2669 3098 2816 2864 2783 3012 2813 2657 2988 2621 2704 2841 2710 2942 2776 2919 2648 2536 3113 2909 2725 2607 2800 2972 2936 2829 2969 2958 3226 2846 2991 2737 2750 3220 2692 2741 2905 2610 2933 3023 2655 3143 2622 2677 2927 2469 2805 2844 2978 2827 3209 2716 2719 3052 2790 2786 2808 2761 2893 3102 2671 2806 2957 2622 2800 2632 3117 3047 2789 2903 3059 2754 2874 2981 2608 2868 2658 2770 
2757 2908 2837 2943 3147 3006 3027 2866 2965 2974 3001 2895 3506 2983 2968 3010 3040 3036 2730 2795 3036 2900 2885 3242 3065 3086 2929 3243 3112 2865 3250 2823 2893 3072 2962 3286 3054 3139 3098 2739 3161 3104 2802 2847 3118 3162 2938 2998 3202 3067 3392 3255 3258 2775 2951 3441 2908 2945 3239 2703 3051 3043 2773 3403 2841 2860 3095 2867 3149 3003 3132 2799 3268 3013 2848 3065 2883 3022 2861 3105 2833 3109 3058 3005 3175 2854 3016 2900 3204 2980 3078 3210 3070 2886 2953 3188 2943 3006 2975 2938 
2841 3066 3050 3034 3336 3219 3199 3076 3122 3160 3158 3155 3529 3169 3213 3115 2968 3066 2879 2823 3163 3034 2979 3279 3366 3199 3026 3217 3157 2887 3323 2826 3066 3127 3196 3247 3197 3069 3133 2824 3261 3148 3028 2763 3302 3371 3189 3051 3255 3171 3478 3268 3330 2952 2962 3333 3109 3217 3188 2785 3159 3082 2983 3554 2886 2868 3221 2852 3026 3175 3196 2952 3416 3145 3011 3290 3129 3106 2902 3378 3132 3147 3087 3085 3383 3077 3166 2938 3341 3162 3015 3403 3112 3003 3127 3387 3039 3061 3113 3195 
