100 100
3035 2860 3344 3109 2877 2964 3102 2955 3033 2919 2852 2790 3144 2848 3080 3112 2958 3012 3029 2990 2915 2776 3089 3243 2983 3086 3219 2943 3228 2706 2927 2967 3313 2623 2944 3244 2873 3485 3141 3178 2975 3312 2907 2944 3173 3345 3111 3316 3131 3199 3054 2935 2997 3267 3211 3027 3127 3034 3325 2955 3451 3059 2888 3313 3144 3088 2918 2797 3001 3088 3019 2785 2594 2727 2831 3227 3131 3108 2792 3008 3315 3183 3149 3017 3185 3174 3065 3074 3094 3181 2938 3013 3203 3286 2833 2957 3145 3304 3099 2884 
3127 2914 3493 3155 2857 3063 3144 3297 3165 2912 2957 2801 3423 3022 3278 3239 3116 3315 3162 3235 3036 2997 3260 3379 3157 3229 3312 3150 3245 2822 3114 3133 3435 2757 3051 3353 2938 3654 3113 3281 3135 3436 3039 2923 3474 3424 2997 3536 3210 3327 3313 3027 3223 3401 3430 3168 3299 3293 3546 3111 3644 3172 2963 3291 3173 3369 3080 3174 3390 3255 3066 2857 2730 2856 3085 3360 3196 3298 3018 3116 3285 3186 3339 3008 3205 3332 3218 3326 3469 3253 3164 3260 3202 3415 2882 3005 3299 3546 3176 3177 
2693 2802 3099 3074 2662 2949 2937 2937 2957 2891 2697 2692 2913 2710 2890 2855 2761 2799 2998 2860 2795 2631 2913 3079 2897 3160 3121 2845 2904 2715 2797 2833 3053 2505 2940 2997 2716 3381 3046 3181 2983 3227 3048 2779 2989 3087 2935 3084 2890 3115 2890 2938 2911 3205 3082 2775 2825 3052 3073 2953 3255 2753 2754 2854 2987 3115 2759 2836 3025 2984 2926 2668 2547 2604 2499 3121 2892 3119 2633 2937 3228 3030 2981 3004 3053 2956 2913 2962 2913 2983 2905 3124 3011 3146 2808 2569 3077 3212 3001 2987 
2792 2487 2893 2826 2529 2752 2678 2786 2705 2571 2589 2420 2919 2721 2745 2711 2776 2754 2775 2766 2627 2458 2864 2935 2648 2945 2907 2944 2990 2501 2714 2613 2863 2421 2642 2809 2602 3284 2808 2887 2640 3056 2822 2668 2743 3103 2767 3083 2889 2885 2871 2855 2823 2935 3011 2573 2675 2814 3018 2751 2941 2706 2546 2873 2733 2855 2609 2647 2949 2814 2766 2507 2366 2347 2471 3015 2700 2689 2557 2792 2948 2859 2906 2763 2898 2857 2799 2726 2864 2976 2688 2829 2780 2897 2502 2543 2865 2996 2764 2733 
3074 2910 3297 3137 2860 2960 3012 3028 3101 2754 3000 2930 3058 3035 3076 3126 2985 3077 3293 3171 2958 2906 3131 3357 3069 3241 3216 3181 3237 2969 3098 2844 3248 2889 2884 3014 3011 3523 3265 3305 3052 3385 3109 2877 3109 3266 2899 3337 3173 3343 3092 3156 3099 3264 3319 2871 3046 3132 3405 3077 3515 3073 2776 3113 3067 3210 2974 3012 3256 3184 2970 2831 2520 2774 2706 3256 3161 3187 2810 3083 3326 3293 2944 3136 3297 3154 3229 3128 3159 3052 3153 3095 3214 3273 2910 2895 2976 3379 3256 2974 
2923 2950 3313 2998 2836 2920 3036 2956 3063 2790 3009 2876 3072 2912 3029 3007 2975 3086 3135 3095 2918 2777 3072 3298 3041 3275 3382 3023 3164 2889 3011 3010 3270 2670 2994 3214 2879 3552 3160 3386 3159 3265 2914 2906 3294 3263 3126 3250 3209 3197 3092 2892 3036 3326 3415 3074 3043 3094 3363 3055 3449 2993 3064 3259 2993 3044 2894 2830 3043 3072 3029 2709 2548 2882 2850 3292 3079 3280 2911 3023 3279 3130 3171 3023 3070 3000 3040 3169 3172 3196 3042 3144 3233 3337 2951 2844 3043 3303 3149 2927 
3110 2913 3265 3047 2855 3032 3071 3074 3001 2898 2884 2842 3054 3035 2931 3001 2921 2941 2960 3122 3025 2982 2972 3212 2830 3283 3142 2926 3056 2824 3204 2888 3224 2564 2866 3120 2894 3512 2889 3322 3176 3387 3036 2933 3071 3363 2931 3293 3192 3279 3112 3191 2979 3244 3347 2823 2946 3172 3306 3079 3406 2935 2839 3072 3073 3164 2901 2995 3125 3094 3143 2660 2606 2713 2928 3308 2970 3157 2895 2967 3117 3132 3217 2962 3112 3150 3156 3075 3117 3261 3223 3047 3224 3187 2807 2830 3106 3413 3173 2788 
3118 3051 3430 3234 2879 2896 3200 3025 3208 2892 3124 2886 3223 2959 3136 2970 3097 3156 3260 3278 3008 2864 3168 3167 3120 3385 3364 3159 3279 2979 3223 2962 3385 2726 3033 3220 2901 3818 3089 3525 3155 3362 3170 3166 3266 3483 3133 3424 3342 3274 3350 3138 3150 3339 3405 3066 3023 3262 3393 3214 3561 3226 2904 3200 2992 3130 2977 3029 3321 3349 3161 2828 2659 2770 2877 3461 3189 3208 2973 3178 3276 3370 3274 3074 3238 3172 3138 3143 3089 3414 3249 3146 3364 3386 3088 2956 3312 3345 3232 2883 
2854 2452 3057 2711 2597 2791 2931 2831 2956 2721 2613 2711 2856 2852 2859 2992 2924 2973 2867 3027 2805 2655 2825 2979 2777 2934 2847 2722 2973 2715 2792 2739 3216 2438 2652 2738 2775 3344 2893 3027 2759 3016 2787 2761 2986 3051 2821 3086 2906 2897 2987 2774 2700 2874 3025 2783 2662 2792 3130 2894 3420 2710 2695 2925 2769 2805 2659 2801 3026 2894 2639 2591 2454 2528 2663 2922 2740 2879 2656 2786 3158 3002 3129 2840 3049 2830 2887 2755 2934 2876 2880 2851 2935 3117 2764 2734 3012 3099 2952 2502 
2972 2747 3212 2980 2679 3175 3257 3051 2998 2815 2882 2872 3098 2862 2952 2973 2897 2997 2930 2974 2771 2754 3140 3290 2837 3060 3004 3116 2991 2721 3099 2842 3195 2567 2831 2898 2734 3332 3048 3210 2841 3402 2877 2823 3047 3253 3001 3308 3207 3200 3013 3006 2946 3236 3087 2917 2875 3068 3237 2955 3596 2786 2851 2991 2776 3113 3091 3012 3122 2971 2975 2579 2647 2807 2824 3317 2978 3195 2954 2885 3172 2976 3332 2960 3140 3111 3035 2979 3216 3039 3000 3016 3113 3232 2784 2845 3000 3228 3083 2973 
2841 2615 3047 2882 2720 3005 3032 2988 2858 2728 2836 2634 2983 2948 2902 2871 2878 2912 2739 3032 2810 2598 2795 3083 2801 3027 3038 2904 2908 2800 2958 2794 2923 2557 2719 2842 2737 3449 2923 3018 2906 3302 2845 2922 3053 3309 2875 3157 3167 3097 2990 2823 2850 2949 3064 2853 2964 2971 3106 2809 3345 2875 2653 3024 2820 2874 2837 2877 3092 2967 2939 2526 2454 2708 2782 3212 3003 3018 2948 3016 3204 2971 3171 2854 3040 2941 2876 2806 3036 3185 3028 2871 3092 3028 2715 2753 3045 3179 2809 2719 
3242 3064 3444 3222 2899 3227 3217 3396 3175 3127 3174 2947 3298 3361 3215 3314 3142 3305 3241 3265 3209 3032 3267 3264 3169 3504 3502 3120 3374 2959 3165 3201 3339 2894 3315 3415 3118 3705 3143 3464 3303 3550 3196 3023 3242 3629 3334 3519 3315 3506 3317 3361 3259 3415 3509 3162 3262 3374 3584 3355 3720 3129 3166 3310 3293 3326 3227 3221 3432 3267 3290 2901 3006 2980 3074 3487 3232 3282 3110 3242 3578 3360 3394 3334 3444 3379 3206 3240 3317 3633 3148 3298 3312 3475 3132 3006 3160 3657 3434 3231 
2771 2666 2849 2777 2559 2724 2876 2794 2897 2649 2552 2502 2927 2462 2678 2665 2541 2536 2862 2788 2632 2419 2659 2888 2714 2916 2913 2517 2735 2515 2721 2702 2979 2514 2784 2686 2540 3140 2823 3039 2806 2907 2561 2649 2863 2934 2752 3030 2843 2821 2736 2552 2757 2940 3022 2728 2629 2774 3114 2872 3151 2668 2617 2926 2822 2705 2660 2644 2698 2832 2562 2385 2343 2509 2413 2926 2751 2913 2510 2781 2984 2918 2866 2500 2861 2772 2888 2833 2742 2954 2804 2698 2803 2988 2617 2570 2748 2990 2863 2737 
2803 2556 2960 2800 2494 2700 2736 2904 2691 2539 2510 2551 2796 2759 2769 2588 2740 2628 2784 2815 2595 2563 2701 2908 2789 2819 2946 2697 2764 2532 2823 2635 2826 2389 2730 2666 2618 3115 2807 2865 2622 3066 2750 2640 2773 3038 2738 2923 2739 2933 2818 2729 2800 2854 2899 2613 2677 2802 2891 2733 3109 2568 2485 2701 2612 2682 2565 2604 2797 2860 2806 2594 2314 2503 2513 3008 2683 2871 2518 2808 2756 2714 2922 2574 2848 2757 2787 2738 2737 2696 2796 2743 2755 2960 2698 2538 2835 2976 2826 2702 
2901 2876 3206 3139 2868 2892 3076 3020 3021 2758 2874 2739 3009 2873 2820 3060 2902 2943 3036 3208 2713 2580 3160 3168 3082 3111 3164 3007 3110 2877 3009 2909 3259 2592 2887 2914 2819 3404 3035 3154 2912 3249 2948 2912 3121 3302 3150 3333 3061 3110 3179 3000 3002 3047 3240 2863 2719 2969 3243 3027 3380 2957 2706 3004 2877 3085 2720 2912 3128 3149 2988 2892 2584 2754 2825 3158 2875 3017 2744 2907 3287 2994 3083 3026 3199 3184 2950 2958 2982 3067 3018 3040 3018 3134 2845 2821 3033 3226 3096 2781 
3028 2852 3140 3027 2758 3087 3033 3041 2939 2646 2876 2833 3043 2999 3086 3113 2926 3004 2957 3099 2760 2759 2965 3115 2933 3202 3163 3027 2948 2979 3113 2938 3053 2575 2817 2954 2797 3574 3003 3169 2938 3388 2997 3072 3152 3341 3065 3222 3162 3204 3076 2996 2798 3262 3297 2933 2900 3108 3135 3075 3500 2903 2859 2949 2851 3091 2934 2866 3070 2952 2983 2668 2467 2665 2779 3234 3081 3244 2836 3132 3325 3043 3156 2988 3184 3015 2835 2868 3096 3214 3007 3142 3058 3114 2913 2816 3083 3308 3183 2890 
3290 3031 3531 3222 3038 3300 3268 3425 3352 3100 3005 2911 3491 3214 3346 3283 3159 3162 3233 3440 3172 2996 3178 3611 3210 3383 3322 3202 3377 3037 3237 3300 3430 2843 3106 3494 3118 3821 3279 3468 3360 3699 3091 2900 3420 3656 3170 3600 3312 3484 3419 3211 3215 3478 3639 3036 3293 3472 3487 3400 3719 3286 3055 3358 3325 3283 3214 3142 3342 3428 3298 2984 2778 2974 3256 3649 3256 3430 3044 3212 3496 3422 3588 3122 3410 3425 3393 3483 3350 3490 3355 3319 3560 3516 3027 3005 3529 3549 3300 3199 
3432 3336 3601 3498 3033 3307 3263 3461 3425 3222 3177 3070 3516 3318 3454 3529 3335 3335 3495 3365 3140 3095 3409 3521 3189 3360 3651 3393 3561 3358 3366 3346 3713 3029 3343 3507 3213 3843 3479 3816 3498 3771 3257 3294 3524 3731 3501 3834 3624 3598 3586 3457 3412 3601 3677 3377 3364 3550 3897 3391 3856 3414 3152 3551 3315 3620 3321 3276 3461 3587 3206 3138 3004 3068 3228 3718 3294 3489 3265 3424 3593 3568 3543 3347 3595 3386 3382 3448 3429 3628 3418 3571 3508 3719 3125 3191 3423 3733 3505 3252 
2980 2772 3080 2914 2698 2927 3003 2974 2869 2737 2601 2677 2857 2874 3056 2953 2826 2865 2897 2919 2793 2748 2916 3159 2748 2986 3133 2813 2983 2742 2987 2942 2935 2487 2718 2976 2772 3292 2895 2962 2912 3259 2855 2698 2900 3258 2827 3189 2964 3006 3016 2957 2873 3063 3365 2670 2852 3020 3155 2843 3214 2796 2736 3005 2863 2940 2900 2767 2928 2908 2936 2676 2406 2627 2680 3202 2770 3096 2660 2973 3108 2956 3111 3014 3028 2877 3002 2865 2936 3086 2943 3058 3093 3160 2674 2764 2983 3210 3165 2787 
3043 2926 3298 3076 2816 2966 3087 3105 2966 2901 2988 2848 3004 2980 3036 3066 2986 3134 3157 3136 2769 2797 3096 3191 3270 3161 3373 3163 3239 2984 3176 3069 3063 2790 2933 3100 2831 3562 3103 3285 3116 3331 3005 3005 3099 3412 3106 3355 3153 3264 3114 3080 3002 3122 3320 3025 3016 3036 3373 3008 3383 3175 2785 3110 2953 3244 2873 2973 3225 3229 3102 2873 2651 2792 3020 3320 3174 3205 2911 2928 3391 3187 3039 3109 3340 3097 3021 2918 3169 3305 3058 3135 3079 3181 2955 2813 2974 3388 3087 2940 
3055 3101 3261 3194 2747 3097 3207 3252 3166 2939 3042 3033 3238 2945 3255 3054 3176 3114 3319 3136 2907 3000 3201 3408 3123 3437 3412 3199 3191 3001 3108 3077 3499 2810 3059 3106 2863 3718 3420 3575 3229 3373 3180 3007 3225 3485 3320 3484 3325 3305 3235 3182 3054 3169 3301 3010 3072 3154 3568 3165 3595 3090 2997 3303 3010 3357 3028 3022 3362 3295 3096 2860 2762 2999 2882 3495 3158 3314 3077 3175 3305 3247 3348 3178 3289 3240 3198 3192 3435 3212 3240 3356 3284 3498 3130 2962 3194 3556 3276 3055 
2778 2784 3050 3041 2586 2860 2815 2958 2957 2605 2779 2603 3023 2835 2816 2923 3017 2820 2961 2855 2751 2708 2883 3035 2767 3100 3011 2819 3026 2643 2987 2852 2997 2535 2774 3002 2567 3461 2917 3132 2966 3089 2777 2822 2940 3272 2910 3099 3004 3145 2743 2898 2718 3054 3077 2772 2859 3100 3106 3026 3214 2784 2864 2936 2948 2791 2820 2756 2824 2945 2913 2483 2480 2557 2683 3130 2893 3009 2639 2834 3015 3140 3094 2941 3032 2876 2855 2863 2984 3164 2840 2968 2959 3017 2731 2607 2922 3124 2960 2830 
2889 2827 3172 3046 2619 2824 2893 3000 2983 2775 2734 2685 2838 2824 3091 2975 2868 2907 2943 3057 2710 2670 2863 3101 2882 3022 3159 2854 2886 2813 2932 2729 2960 2534 2861 2946 2748 3364 2959 3327 2961 3108 2898 2720 3045 3218 2926 3215 2995 3089 2825 2831 2796 3091 3190 2844 2863 2999 3222 3044 3232 2719 2675 2995 2762 3003 2654 2733 2961 2952 2820 2903 2525 2590 2746 3206 3055 2982 2703 2918 3096 3047 3058 2882 3000 2910 3012 2941 3072 2925 2894 3112 3167 3000 2835 2668 2890 3119 3126 2678 
2897 2819 3143 2951 2838 2745 3085 3019 2940 2788 2726 2828 3070 2860 3052 2881 2928 3054 2923 2995 2803 2683 2970 3195 2893 3101 3285 2915 3092 2830 3055 2917 3156 2556 2853 2984 2744 3406 3092 3117 3048 3303 2976 3056 3098 3315 2969 3288 3106 3092 3062 2913 3045 3105 3300 2913 3053 3026 3348 2911 3507 2952 2851 2970 2800 2971 2878 2906 3110 3049 3005 2691 2623 2796 2725 3334 2919 3135 2921 2955 3330 3162 3230 2989 3132 2942 3110 2874 3087 3048 3014 3013 3104 3173 2877 2859 2999 3240 3103 2945 
2879 2747 3221 3032 2589 2858 2938 2988 3067 2704 2848 2750 3021 2795 2859 2927 3018 2820 2966 2985 2911 2780 2990 3016 2981 3116 3075 2918 3238 2834 3127 2867 3149 2650 2876 2916 2644 3462 3002 3328 3020 3139 2847 2900 2922 3201 3110 3191 3126 3106 3115 2999 2803 2997 3165 2721 2633 3111 3291 2932 3326 2859 2665 3138 2930 2908 2815 2792 3072 3135 2899 2564 2616 2581 2755 3191 2931 3159 2701 2859 3250 3116 3061 2950 3043 3031 3121 2749 3047 3017 2908 2889 3098 3235 2891 2575 2940 3135 3010 2778 
2864 2638 3113 3153 2818 2930 3047 3073 3058 2733 2688 2742 3084 2843 2979 3007 3045 3028 3084 3037 2918 2729 3183 3180 2902 3379 3206 2936 3167 2862 2985 3008 3253 2471 2958 3045 2934 3596 3026 3372 2983 3369 3138 2985 3178 3271 3055 3281 3103 3034 3233 3006 3090 3117 3324 2799 2822 3183 3277 2947 3552 2950 2770 2939 2805 3068 2850 3047 3130 3139 2946 2820 2630 2610 2765 3264 2967 3188 2847 3042 3268 3105 3294 3056 3174 3097 3072 3025 3031 3083 3040 3112 3196 3200 2792 2641 3124 3227 3091 2877 
2960 2780 3080 2901 2660 2797 3029 2964 3068 2725 2656 2614 2945 2834 2866 2910 2841 2918 2973 2928 2771 2575 3041 3102 2833 3049 3207 2794 3105 2696 2846 2829 3128 2490 2893 2965 2726 3101 3003 3111 2957 3352 2737 2658 3132 3168 2909 3232 2888 2884 3097 2839 2909 3086 3092 2867 2794 2931 3365 2950 3252 2900 2705 2925 2836 2854 2912 2847 2832 2993 2822 2734 2649 2681 2861 3173 2910 3176 2739 2697 3224 3074 3023 2823 3091 3045 2992 3005 3057 2890 2891 3013 2962 3165 2732 2854 2900 3241 2917 2896 
2996 2871 3349 2902 2677 2786 2893 2899 2946 2739 2660 2736 2844 2836 2857 2781 2654 2809 2945 2945 2875 2700 2901 2947 2823 2952 3187 2854 2953 2808 2958 2774 3141 2456 2819 2869 2793 3297 2783 3120 2963 3213 2796 2832 3005 3104 2870 3192 3066 2976 2988 2888 2910 3000 3157 2939 2676 3043 3291 2959 3371 2799 2720 2985 2949 2894 2848 2758 2850 3024 2798 2619 2499 2773 2781 3122 2849 3169 2776 2869 3089 3006 3053 2918 3003 3048 2888 2917 2927 2951 2837 2886 3089 3113 2780 2689 2772 3290 2950 2796 
3244 2944 3415 3125 2931 3141 3204 3346 2988 2935 2910 3033 3178 2984 3231 3109 3007 3013 3105 3151 2891 2922 3171 3249 3128 3173 3303 3045 3024 2912 3160 3155 3263 2926 3228 3116 2982 3570 3175 3361 3099 3435 3138 2911 3260 3421 3057 3512 3168 3247 3150 3036 3174 3359 3373 3018 3121 3248 3496 3221 3571 2940 2868 3235 3117 3171 3105 3068 3135 3194 3030 2785 2633 2863 2848 3200 3072 3272 2980 3180 3460 3187 3390 3144 3264 3128 3173 3200 3370 3143 3133 3350 3245 3417 2963 2927 3149 3550 3274 3140 
3055 2965 3325 3049 2861 3137 3204 3237 3219 2911 3058 2792 3223 3198 3072 3254 3182 3214 3171 3219 2902 3000 3253 3434 3157 3352 3427 3175 3501 3002 3234 3100 3456 2721 2980 3216 2909 3662 3104 3359 3151 3262 3004 3221 3234 3515 3109 3445 3378 3416 3257 3108 3060 3186 3314 3126 2890 3218 3517 3119 3616 3205 2918 3262 3025 3110 2977 2980 3250 3230 3122 2752 2693 2828 3052 3438 3150 3290 3078 3113 3506 3293 3293 3148 3343 3258 3226 3127 3217 3371 3162 3208 3277 3480 3034 2888 3082 3343 3240 2955 
2939 2796 3022 2959 2695 2844 2912 2882 2981 2771 2767 2572 2957 2762 2881 2689 2707 2827 2901 2710 2860 2745 2828 2972 2808 3203 2993 2902 2894 2506 2826 2803 3133 2516 2684 2939 2664 3341 3016 3231 2975 3197 2771 2679 2838 3172 2977 3157 2919 3087 2812 2757 2883 3185 3084 2690 2753 3074 3215 2999 3336 2885 2709 2938 2980 2926 2919 2825 2852 3074 2910 2472 2539 2529 2681 3012 2877 3103 2658 2862 2913 3047 3142 2798 2822 2969 2846 2860 2903 3053 2732 2815 3017 3013 2667 2650 2945 3265 3032 2807 
3032 2891 3245 2992 2743 3007 3191 3053 3067 2797 3023 2766 3057 3103 3174 3166 3007 3000 3122 3086 2919 2986 3129 3271 3045 3097 3237 3099 3231 2692 3228 3045 3246 2765 2842 3104 3044 3476 3358 3253 2958 3379 2877 2776 3160 3467 3093 3321 3197 3278 3293 3137 3019 3017 3246 2893 2905 3122 3341 2945 3428 3068 2872 3219 3147 3153 3010 2891 3056 2991 2996 2623 2626 2836 2938 3416 3172 3251 2879 3227 3244 3079 3278 3105 3134 3271 3159 3004 3197 3243 3038 3049 3219 3297 2915 2890 3064 3491 3119 2925 
3094 3063 3534 3313 2962 3207 3409 3202 3255 2979 2983 2876 3177 3139 3011 3284 2949 3224 3082 3342 3225 2867 3344 3236 3109 3255 3372 3113 3433 3017 3331 3043 3425 2605 3180 3233 3062 3665 3145 3342 3169 3592 3100 3161 3401 3392 3195 3441 3176 3304 3461 3117 3072 3262 3500 3041 3028 3194 3505 3260 3626 3038 2973 3238 3278 3246 2965 2964 3297 3274 3248 2855 2770 3059 3195 3524 3088 3354 2897 3119 3418 3284 3415 3221 3318 3281 3295 3097 3187 3326 3286 3151 3344 3449 2978 2911 3308 3468 3276 3008 
2955 2983 3391 3040 2833 3086 3219 3232 3147 2926 2824 2858 3274 2887 3052 3098 3094 3127 3062 3211 2968 2811 3041 3297 2928 3162 3258 3021 3350 2980 3212 3077 3349 2711 3029 3142 2799 3644 3141 3218 3380 3314 3062 3056 3265 3339 3197 3359 3251 3431 3128 2987 3091 3270 3444 2923 3120 3140 3267 3087 3675 3105 2944 3315 3165 3198 2941 2837 3364 3086 3045 2841 2722 2861 2907 3430 3018 3281 2804 3056 3549 3258 3328 3007 3351 3239 3235 3040 3156 3288 3199 3104 3285 3435 3036 2750 3219 3404 3266 2978 
3026 2840 3098 3028 2945 3046 3085 3148 3023 2935 2889 2883 3139 2927 3143 3161 3048 2890 3047 3319 2854 2717 2954 3307 2904 3215 3178 3010 3077 2996 3031 3041 3149 2658 2860 3073 2882 3635 3158 3275 3124 3451 3056 2949 3183 3430 3091 3380 3164 3234 3080 3042 2960 3178 3386 2979 2997 3102 3341 3202 3375 3042 2940 3159 3060 3086 2776 3020 3251 3144 2999 2808 2667 2675 2784 3241 3013 3114 2943 3178 3292 3192 3259 3109 3396 3142 3196 3068 3145 3344 3139 3120 3289 3312 2856 2985 3324 3310 3100 2827 
2747 2657 3026 2881 2643 2845 3054 2874 2897 2655 2720 2544 2827 2926 2838 2816 2804 2979 2739 2849 2634 2593 2851 3040 2784 2921 3019 2803 3013 2640 2941 2789 2994 2495 2759 2774 2604 3311 3023 2979 2710 3046 2778 2781 2958 3075 2689 3063 2929 2965 2903 2688 2701 2891 3044 2732 2671 2847 3023 2813 3244 2767 2645 2895 2725 2773 2922 2686 2833 2935 2809 2502 2447 2573 2784 3043 2786 2954 2697 2875 3237 3074 3039 2790 2913 2834 2913 2635 2791 2837 2851 2843 2929 2884 2640 2616 2849 3083 2759 2779 
2538 2542 2861 2841 2489 2698 2770 2781 2851 2535 2588 2544 2754 2585 2696 2586 2622 2760 2771 2774 2457 2626 2787 2872 2642 2775 2872 2693 2835 2626 2848 2740 2829 2476 2541 2812 2424 3101 2702 3023 2854 2871 2602 2576 2892 2891 2774 2989 2866 2775 2656 2728 2705 2939 2876 2783 2692 2865 2906 2721 3140 2599 2529 3002 2785 2870 2562 2688 2837 2768 2720 2443 2451 2626 2649 2938 2607 3008 2704 2464 2989 2708 2853 2735 2791 2744 2927 2711 2758 2904 2761 2817 2927 2924 2777 2351 2712 2981 2780 2759 
3133 3020 3332 3152 2829 3068 3217 3200 3097 2789 2892 2976 3218 2989 3153 3217 3007 3056 3145 3194 2946 2723 3022 3384 3018 3298 3306 3104 3186 2830 3144 2965 3248 2681 3003 2983 2935 3487 3086 3344 3041 3350 2958 2990 3152 3287 3189 3464 3173 3415 3162 3035 3051 3307 3353 2926 2990 3263 3327 3101 3584 3097 3066 3164 2965 3190 3027 2902 3168 3142 3104 2738 2577 2916 2860 3360 3162 3336 2897 3153 3252 3074 3331 3034 3259 3078 3119 3093 3172 3235 3185 3036 3227 3429 2859 2903 3223 3405 3270 2991 
2890 2589 3068 2842 2436 2949 3006 3015 2888 2633 2564 2689 2884 2854 2957 2854 2758 2773 2876 3009 2815 2764 2897 2919 2801 2978 3078 2847 3082 2588 2903 2756 3017 2456 2819 2846 2716 3233 2918 3055 2889 3124 2775 2693 2887 2995 2942 3166 3064 3042 3042 2843 2695 2855 3052 2760 2866 2842 3098 2925 3245 2771 2704 3027 2902 3033 2738 2717 3126 2786 2816 2562 2521 2783 2669 3167 2853 3134 2818 2868 2983 2718 3026 2948 2850 3030 2962 2888 3169 3027 2790 2848 2930 3311 2784 2602 2934 3203 2950 2920 
2893 2734 3178 3057 2601 2812 2997 2886 2966 2818 2796 2845 2776 2833 2939 2897 2744 2980 3064 3009 2611 2784 2885 3098 2896 2952 3210 2953 3117 2582 2985 2724 3054 2592 2818 2935 2727 3421 3164 3144 3041 2984 2991 2769 2926 3285 2919 3242 3096 3075 2948 2832 2930 3097 3120 2998 2820 2896 2974 2878 3443 2829 2804 2904 2843 2958 2764 2697 3036 2941 3040 2652 2599 2643 2741 3184 2872 3045 2880 2786 3200 2858 3176 3071 3035 3092 2958 2792 2787 2989 2906 2969 2995 3125 2807 2745 2942 3227 2973 2831 
2760 2706 3041 2828 2720 2774 2819 2815 2707 2567 2587 2655 2930 2801 2677 2897 2700 2809 2820 2823 2690 2530 2870 3062 2684 2928 2997 2707 2961 2669 2975 2773 3039 2539 2617 2796 2551 3310 2854 2849 2670 3105 2727 2817 2824 3046 2859 3026 2818 2919 2910 2726 2811 2956 3071 2676 2638 2878 2924 2658 3292 2750 2679 2687 2856 2646 2828 2635 2675 2908 2846 2386 2350 2523 2805 3030 2658 2933 2628 2978 3051 2885 2995 2731 2905 2770 2744 2683 2722 2848 2632 2694 2892 2794 2717 2634 2829 3029 2834 2706 
2471 2443 2812 2701 2389 2653 2724 2687 2641 2477 2696 2483 2632 2544 2685 2631 2470 2731 2712 2849 2516 2442 2798 2717 2627 2753 2766 2647 2808 2652 2664 2747 2934 2259 2527 2658 2438 3091 2775 2896 2721 2924 2746 2617 2777 3061 2748 2953 2738 2718 2773 2556 2771 2710 2975 2654 2692 2782 2871 2627 3188 2646 2418 2615 2652 2732 2637 2616 2759 2831 2547 2640 2424 2503 2356 2968 2474 2766 2572 2704 2976 2663 2889 2823 2839 2685 2611 2691 2606 2793 2627 2687 2908 2893 2610 2445 2716 2914 2820 2480 
3309 3165 3552 3296 3138 3139 3423 3117 3332 3161 3274 2990 3327 3277 3195 3275 3112 3351 3253 3305 3083 3001 3317 3375 3271 3296 3623 3336 3453 3192 3289 3314 3468 2829 3049 3281 3145 3813 3427 3627 3417 3735 3249 3314 3434 3749 3283 3517 3464 3603 3429 3328 3439 3526 3548 3148 3223 3405 3817 3205 3657 3285 3025 3304 3178 3395 3172 3141 3367 3342 3165 2922 2842 2946 3115 3586 3266 3278 3143 3301 3551 3454 3386 3366 3463 3268 3297 3139 3359 3599 3352 3345 3352 3490 2946 3108 3245 3720 3339 3018 
2994 2892 3230 3107 2789 2960 3129 3047 3003 2922 2902 2765 3009 2842 3029 3098 2879 2957 3241 3092 2978 2848 2983 3091 2956 3166 3164 2802 3131 2807 3098 2936 3197 2667 2973 3092 2795 3519 3112 3292 2943 3235 2977 2982 3054 3375 3112 3421 3089 3187 3190 3028 3122 3127 3178 2970 2942 3053 3269 3035 3599 2968 2741 3115 2963 3038 3053 2941 3188 3129 2959 2636 2569 2739 2712 3308 2987 3124 2855 3098 3209 3029 3204 2999 3131 3017 3137 2987 2992 3117 2994 3003 3007 3207 3018 2801 3105 3366 3081 2962 
3259 3000 3484 3283 2896 3260 3334 3301 3279 3072 3002 2968 3272 3213 3242 3269 3160 3045 3296 3260 3026 3075 3072 3527 3048 3205 3345 3099 3283 2995 3239 3172 3438 2803 3132 3097 3049 3717 3336 3444 3324 3561 3115 3103 3440 3610 3087 3621 3486 3541 3200 3077 3322 3375 3382 3152 3287 3330 3512 3196 3706 3251 2861 3289 3145 3287 3236 3122 3286 3196 2963 2888 2652 2907 2950 3582 3246 3430 3127 3346 3437 3210 3465 3184 3246 3316 3306 3350 3475 3286 3267 3284 3286 3529 2887 3045 3253 3508 3246 3147 
3359 3111 3584 3208 3035 3136 3359 3392 3363 3085 3413 2963 3414 3233 3234 3441 3228 3451 3377 3469 3078 3104 3380 3532 3281 3482 3508 3307 3463 3201 3548 3305 3483 2945 3105 3341 3030 3773 3350 3494 3474 3549 3231 3270 3404 3798 3374 3650 3336 3510 3352 3290 3198 3440 3607 3149 3115 3192 3637 3184 3838 3253 2855 3416 3155 3155 3124 3277 3601 3396 3269 2887 2864 2955 3284 3706 3310 3378 3222 3303 3695 3510 3312 3179 3611 3483 3359 3155 3329 3585 3387 3289 3360 3401 3104 3057 3298 3533 3331 3012 
2896 2692 3078 2920 2655 2877 2986 3046 3025 2775 2934 2665 3088 2802 3039 2904 2841 2875 3015 3025 2728 2641 2847 3128 2779 3128 3137 2956 3065 2729 2898 3018 3121 2562 2774 2973 2698 3417 2873 3205 2995 3268 2913 2783 2942 3340 2958 3248 3225 3124 2882 3015 3024 3242 3219 2926 2883 3067 3273 2938 3480 2904 2774 3090 2832 2969 2776 2997 3211 3024 2748 2704 2568 2658 2698 3226 2820 3100 2813 2846 3155 2957 3082 2973 3051 3165 3010 3082 3018 3315 3154 2982 3000 3216 2733 2707 3158 3301 2972 2820 
2995 2824 3183 3256 2865 2967 3268 3124 3149 2937 2696 2888 3162 2904 2994 2999 2858 2871 3019 3149 2815 2773 2963 3320 2935 3138 3239 2950 3097 2764 3092 3012 3124 2647 2866 3027 2696 3473 3122 3235 2947 3353 2965 2857 3048 3315 2834 3226 3145 3226 3003 2885 2940 3247 3271 2923 2988 3099 3247 2995 3396 3069 2865 3053 2984 2996 2906 2906 3065 3107 3048 2649 2688 2675 2824 3199 2943 3048 2783 2951 3343 3124 3205 3084 3088 3008 3243 2961 2919 3182 3195 3034 3167 3151 2743 2809 3002 3334 3067 2930 
3469 3249 3520 3640 3019 3290 3465 3431 3312 3141 3025 3080 3455 3201 3359 3269 3181 3043 3388 3378 3087 3038 3304 3549 3408 3526 3712 3193 3363 2871 3308 3253 3417 2922 3267 3422 3122 3842 3422 3500 3191 3531 3279 3154 3367 3754 3449 3569 3330 3571 3341 3133 3225 3395 3551 3290 3275 3421 3641 3272 3730 3264 3138 3394 3326 3380 3368 3042 3272 3590 3327 3129 3057 3062 3118 3471 3348 3353 3135 3284 3582 3400 3752 3363 3528 3451 3334 3343 3320 3507 3259 3441 3488 3494 3253 3089 3375 3720 3352 3300 
2821 2670 3221 2996 2703 2838 3069 3070 3001 2840 2750 2923 3041 2812 3033 2959 3096 3006 2963 3059 2929 2712 3054 3268 3038 3190 3251 3076 3020 2824 3020 2914 3333 2616 2968 2978 2874 3589 3153 3181 2878 3309 3057 2900 3178 3258 2855 3214 3051 3030 3062 2906 2891 3002 3204 2926 3015 2821 3210 3072 3372 2968 2984 3033 2950 3070 2743 2961 3184 3094 3009 2706 2650 2738 2727 3273 3131 3161 2849 3100 3276 3130 3152 2989 3167 3211 2992 2969 3063 3062 3078 3047 3147 3160 2935 2809 3193 3280 2950 2870 
3078 2847 3186 3068 2686 2917 3137 3061 2961 2763 3000 2865 3168 2904 3271 3004 2929 2788 3022 3220 2873 2786 3055 3246 2961 3181 3325 2859 3062 2775 2984 2844 3149 2690 2820 2932 2792 3476 3164 3237 3002 3315 3011 2876 3047 3317 3097 3177 3188 3210 3079 2989 2931 3205 3325 2974 2940 2962 3254 2926 3461 3031 2698 3013 2880 2946 2900 2759 3112 3100 3020 2753 2572 2770 2852 3267 3107 3165 2747 2997 3318 3032 3265 2890 3044 2998 3116 2960 3159 3074 3077 3031 2983 3130 2801 2759 3227 3360 3092 2964 
3037 3046 3476 3133 3108 3209 3353 3258 3353 3078 3194 3093 3293 3108 3258 3147 3091 3229 3296 3246 3144 2863 3113 3511 3137 3455 3504 3187 3321 3029 3101 3241 3500 2859 3334 3250 3225 3753 3307 3571 3301 3540 3022 3199 3317 3416 3212 3462 3427 3504 3376 3210 3380 3541 3533 3211 3214 3493 3557 3315 3789 3125 3168 3347 3246 3475 3121 3132 3250 3397 3110 2933 2811 3081 2922 3565 3060 3516 2998 3273 3607 3499 3467 3140 3375 3300 3254 3352 3314 3475 3374 3234 3384 3462 3041 3061 3257 3613 3301 3237 
2748 2668 2880 2779 2603 2588 2811 2799 2831 2699 2741 2572 2809 2878 2885 2719 2732 2755 2866 2867 2523 2620 2723 2872 2735 2912 3108 2725 2888 2517 2889 2775 2863 2414 2808 2756 2664 3265 2904 3102 2776 2939 2645 2597 2860 3023 2844 2903 3023 3127 2763 2697 2859 2949 3010 2877 2680 2919 3031 2733 3091 2688 2703 2871 2784 2836 2645 2591 2871 2917 2628 2500 2547 2476 2596 2923 2690 2944 2648 2994 3022 2873 2963 2776 2832 2790 2833 2685 2859 2939 2723 2793 2805 3033 2584 2537 2685 3074 2630 2832 
2969 3052 3266 3199 2793 2971 3104 3090 3040 2780 3017 2869 3224 2889 3049 3117 2986 3176 3102 3136 2911 2871 3183 3258 3233 3164 3357 3212 3041 2984 3154 3034 3339 2819 2908 3246 2824 3659 3169 3486 3204 3417 3112 2957 3300 3430 3252 3454 3255 3244 3290 2997 2975 3196 3408 2989 3006 3259 3536 3223 3593 3028 2986 3183 2994 3193 2873 3086 3314 3328 3203 2774 2653 2797 2955 3327 3168 3142 2926 2895 3270 3181 3279 3218 3263 3201 3198 3072 3137 3414 3250 3211 3241 3363 2974 2923 3185 3378 3332 2827 
3115 2843 3395 3131 2851 3011 3177 3153 2993 2906 3163 2958 3073 3048 3042 3168 3191 3026 3159 3156 2930 2865 3118 3270 2961 3207 3402 3241 3225 2935 3161 3039 3170 2742 2968 3035 2913 3704 3137 3262 3124 3404 2979 2931 3126 3532 3199 3423 3136 3371 3311 3136 3090 3224 3288 2952 3097 3110 3329 3131 3572 3043 3007 3234 2940 3253 3084 2958 3227 3051 3111 2830 2705 2947 2961 3461 3026 3110 2956 3085 3386 3203 3295 3164 3249 3291 3016 3114 3047 3394 3032 3211 3338 3424 2900 2922 3203 3453 3146 2905 
3012 2884 3284 3164 2715 3005 2925 3152 2949 2720 2705 2713 2992 2916 2945 2951 2981 2612 2913 2938 2764 2722 2964 3074 3047 3134 3201 2944 2944 2775 3036 2852 3067 2609 2978 2934 2852 3479 2895 3178 3036 3331 2831 2916 3155 3283 2884 3282 2993 3162 3016 2911 2917 3072 3169 2716 2967 3068 3317 3095 3304 2974 2605 3037 2961 2981 2912 2884 2997 3072 2832 2523 2502 2727 2769 3169 3056 3185 2730 2956 3273 3234 3125 2860 3088 3112 3142 2899 3205 3137 3022 3050 3061 3127 2822 2680 2789 3217 2925 2922 
3003 2704 3358 3022 2748 2786 2975 2977 3019 2788 2871 2879 2974 2989 2987 2839 3045 3140 3024 3122 2782 2791 3192 3251 3029 3131 3223 3281 3132 2913 2966 2891 3089 2607 2816 3082 2976 3515 3097 3369 3004 3337 2997 2902 3081 3298 3030 3200 3239 3193 3137 2962 3001 3001 3217 2939 3048 3115 3276 2927 3289 2857 2860 3217 2761 3152 2782 2896 3248 3131 3058 2728 2723 2804 2874 3239 2914 3072 2963 3103 3074 2963 3220 3163 3108 3003 2936 3093 3101 3165 3028 3009 3225 3218 2832 2832 2882 3244 3108 2789 
3160 3157 3424 3286 2938 3026 3205 3284 3131 3018 2929 2895 3137 2945 3100 3317 2953 3172 3154 2996 2858 2829 3257 3306 3180 3260 3418 3004 3413 2972 3211 3178 3469 2824 3063 3295 2886 3641 3226 3264 3313 3425 3093 3108 3340 3543 3238 3436 3044 3281 3167 2976 3232 3272 3550 3126 3132 3204 3527 3286 3615 3199 2947 3423 3206 3195 3009 2954 3032 3293 3069 2819 2852 2814 3154 3364 3030 3346 2901 3126 3228 3385 3343 3050 3355 3277 3316 3265 3132 3413 3083 3228 3209 3285 3031 2864 3120 3381 3329 3025 
3049 3005 3275 3115 2904 3076 3038 3263 3199 2918 2951 2881 3126 2927 3076 3248 2973 3070 3172 3311 3061 2905 3141 3177 3048 3370 3212 2988 3182 2896 3001 3072 3271 2839 3266 3145 2941 3570 3162 3404 3118 3339 3025 2949 3241 3431 3145 3447 3183 3281 3334 3104 3056 3287 3311 3116 3125 3323 3383 3230 3720 3101 2946 3076 3191 3271 3017 3032 3197 3337 3013 2832 2677 2926 3068 3299 3170 3393 2968 3140 3343 3310 3359 3024 3328 3127 3059 3199 3186 3331 3029 3151 3208 3319 2892 2901 3129 3450 3226 3114 
2875 2855 3023 2945 2628 2984 2992 2987 2943 2688 2839 2727 2978 2877 2950 2770 2844 2908 2877 2992 2758 2700 2862 3087 2978 3109 3283 3088 2990 2607 2971 2884 2936 2872 2959 2917 2748 3502 2995 3157 2883 3182 3018 2855 2898 3123 3056 3244 3090 3231 2964 2863 2972 3190 3167 2911 3018 2926 3188 2830 3431 2833 2718 3139 2897 3024 2914 2895 3021 2953 3118 2663 2646 2664 2676 3060 2964 3007 2739 2926 3189 3042 3102 2951 3042 2983 2903 2759 2988 3081 2888 2956 3025 3375 2926 2743 3039 3175 3149 2933 
2988 2609 3114 2841 2513 2772 2910 2962 2974 2775 2633 2622 2926 2835 2785 2837 2769 2744 2769 2946 2567 2656 2872 3024 2701 2940 3058 2940 2972 2540 2845 2937 2963 2397 2780 2854 2671 3303 2876 2898 2974 3130 2847 2649 2851 3270 2815 3072 2940 2906 2931 2730 2932 2976 3078 2826 2872 2836 2945 2839 3347 2672 2699 2975 2972 2918 2749 2685 3060 2991 2855 2635 2701 2665 2711 3117 2601 2949 2775 2912 3049 2841 3308 2810 2999 2963 2685 2849 2918 3003 2766 2906 2918 3229 2650 2589 2998 3096 2729 2779 
2898 2514 3219 3034 2806 2983 2972 3045 3027 2621 2822 2604 2952 2822 2923 2993 2943 2869 2964 3095 2782 2844 3227 3370 3009 3150 3141 3105 3197 2769 2934 2982 3170 2608 2826 3066 2793 3403 3007 3024 2912 3171 2888 2764 2896 3340 2862 3224 3080 2986 2989 2980 2959 3101 3169 2743 2870 2823 3184 2833 3318 2876 2734 3036 2864 2835 2732 2888 3209 3007 3036 2612 2425 2781 2738 3306 2859 3141 2861 2911 3232 3028 3174 3003 3120 3217 3139 2959 3011 2999 2916 3030 3181 3126 2915 2644 2983 3163 2809 3026 
3226 2736 3382 3264 3036 3109 3286 3326 3223 3044 2989 3035 3305 3122 3199 3159 3086 3112 3046 3209 3024 2721 3147 3432 3242 3453 3319 3186 3280 3059 2995 3256 3396 2976 3097 3243 3070 3680 3190 3348 3114 3490 3141 3015 3231 3397 3212 3298 3310 3234 3299 3213 3156 3279 3376 3079 3139 3277 3385 3181 3647 3225 2983 3257 3114 3250 3066 3210 3269 3446 3184 2970 2736 2846 3022 3185 3028 3390 2943 3275 3517 3343 3305 3250 3268 3097 3012 3225 3241 3379 3118 3268 3282 3314 2864 2971 3316 3470 3354 3150 
3075 2990 3359 3218 2839 2920 3318 3182 3317 2855 2911 3128 3216 3073 3118 3106 3273 3123 3109 3124 2918 2836 3104 3490 3210 3325 3372 3068 3244 2862 3117 3110 3348 2822 2905 3089 3079 3641 3384 3451 3145 3429 3028 2996 3249 3264 3110 3254 3277 3408 3311 3168 3163 3225 3560 2943 3109 3229 3474 3150 3603 3072 3020 3262 3051 3228 2972 3153 3085 3289 3278 2855 2725 2871 3070 3362 3022 3308 2861 3088 3214 3331 3387 3221 3159 3129 3150 3134 3045 3224 3320 3280 3165 3263 2929 2993 3124 3459 3347 2960 
3135 2811 3432 3096 2911 3121 3096 3175 3088 3000 2935 2709 3185 3040 3089 3094 3049 3146 3097 3205 2862 2973 3179 3313 3158 3230 3264 3090 3268 2883 2996 3001 3319 2550 2950 3298 3007 3688 3073 3237 3106 3322 3043 2949 3203 3547 3038 3263 3225 3231 3057 2976 3062 3209 3334 2923 3009 3118 3325 3099 3491 2973 2912 3097 3012 3004 2906 2952 3312 3281 3054 2796 2626 2787 2914 3407 3094 3219 3016 3110 3425 3233 3321 3083 3262 3258 3079 3090 3170 3257 3161 3102 3389 3197 2966 2917 3000 3317 3131 2985 
3194 3019 3299 3156 2703 3001 3119 3168 3114 2755 3018 2886 3256 3071 3077 3192 3097 2965 3131 3301 2927 2919 3095 3420 2986 3247 3338 3091 3206 2899 3128 2873 3255 2652 2966 3150 2947 3511 3140 3414 3128 3307 2984 2934 3203 3364 3177 3533 3275 3453 3211 3174 3002 3259 3348 3025 2930 3164 3477 3141 3595 2943 2958 3136 3047 3096 3080 2880 3293 3086 3028 2870 2707 2844 2889 3313 3084 3234 2873 2982 3402 3225 3295 3053 3418 3171 3344 3135 3113 3274 3270 3126 3200 3348 3017 2936 3123 3492 3231 3001 
3155 2842 3227 3035 2849 3022 3197 3068 3052 2852 2916 2791 3205 3032 3070 2897 2848 3002 3043 3129 2882 2834 3010 3283 3029 3139 3309 3011 3005 2753 3178 3025 3269 2616 2973 2956 2871 3452 3089 3284 2999 3514 2892 2908 3128 3354 3039 3341 3200 3246 3003 2935 2980 3190 3181 3016 2929 3200 3366 2973 3565 2973 2786 3058 2975 3049 3012 3005 3213 3047 2923 2724 2776 2716 2856 3277 3093 3128 2972 3188 3205 3075 3275 2984 3038 2975 3087 2919 3218 3093 2946 2954 3168 3304 2910 2799 2952 3320 3042 2957 
2886 2827 3240 3026 2656 2905 3187 2921 3028 2739 3125 2639 2932 2977 2958 2913 2923 2969 3084 3037 2868 2824 3134 3250 2898 3054 3218 3153 3150 2743 2953 2990 3316 2516 2994 3031 2989 3449 3172 3382 3005 3248 2885 2863 3248 3284 3177 3196 3202 3068 3199 2983 3019 3186 3069 3013 2953 3206 3324 3006 3546 2886 2886 3053 3007 3103 2906 2845 3071 3119 2921 2898 2689 2920 2848 3383 3023 3158 2967 2935 3445 2997 3325 3043 3071 3149 2963 3054 3108 3204 2994 2951 3253 3403 2990 2962 3164 3221 2969 2937 
3221 3092 3327 3198 2793 3127 3251 3474 3249 3046 3054 3064 3426 3203 3304 3331 3377 3107 3359 3265 3009 2832 3267 3555 3245 3520 3572 3205 3457 2985 3185 3151 3560 2873 3165 3289 2955 3690 3471 3458 3310 3548 3258 3190 3391 3615 3222 3461 3264 3418 3358 3202 3114 3441 3527 3187 3138 3265 3453 3300 3650 3265 3201 3269 3129 3408 3123 3098 3323 3292 3415 2951 2792 2867 3015 3639 3234 3424 3193 3256 3497 3410 3487 3164 3427 3285 3224 3268 3392 3358 3226 3482 3319 3466 3028 3178 3437 3571 3473 3167 
3126 2941 3291 3145 2809 3118 3220 3153 3379 3096 3035 2888 3083 3151 3200 3124 3083 3131 3236 3206 2957 2897 3156 3199 3251 3391 3475 3129 3402 2906 3206 3109 3456 2824 2990 3260 3015 3632 3247 3417 3223 3316 3036 3052 3103 3521 3196 3384 3116 3176 3304 3224 3119 3299 3408 3168 2923 3241 3494 3209 3626 3030 2979 3243 3152 3184 3007 3132 3240 3382 3157 2803 2905 2791 3071 3408 3001 3443 2951 3004 3410 3419 3317 3203 3342 3220 3134 2954 3165 3410 3050 3225 3216 3491 3011 2945 3227 3485 3282 3078 
2682 2490 2934 2632 2515 2729 2755 2784 2566 2627 2490 2591 2723 2598 2790 2645 2588 2781 2749 2665 2431 2559 2741 2762 2657 2796 2910 2710 2675 2450 2635 2677 2963 2481 2655 2763 2619 3172 2847 2822 2757 2767 2757 2455 2631 3055 2668 2920 2631 2855 2647 2665 2610 2708 2863 2513 2648 2733 2894 2749 3063 2548 2591 2775 2606 2715 2581 2583 2764 2711 2744 2329 2295 2497 2503 2820 2556 2635 2586 2787 2922 2795 2861 2818 2811 2825 2688 2599 2675 2803 2752 2786 2820 2862 2509 2559 2707 3056 2846 2594 
3250 3031 3543 3241 3010 3122 3128 3233 3440 3050 3172 2979 3294 3310 3207 3286 3289 3186 3307 3375 3100 2933 3348 3505 3135 3320 3473 3208 3438 3046 3197 3092 3335 2827 3331 3251 3155 3747 3321 3424 3309 3570 3170 3040 3374 3607 3273 3431 3321 3483 3493 3231 3306 3544 3408 3074 3185 3247 3409 3385 3687 3117 3161 3106 3135 3301 3142 3103 3380 3304 3487 3012 2746 2920 3034 3614 3094 3453 3017 3267 3440 3439 3518 3204 3490 3313 3315 3241 3170 3419 3252 3345 3328 3373 2954 3151 3397 3478 3292 3193 
3157 2871 3374 3241 2838 3272 3253 3167 3267 3044 3001 2931 3136 3152 3175 3150 3139 3067 3211 3353 2960 2988 3174 3360 3134 3423 3452 3158 3382 2913 3166 3081 3376 2665 3003 3170 3067 3786 3268 3407 3146 3549 3226 3071 3297 3669 3205 3413 3351 3326 3328 3003 3131 3298 3427 3061 2876 3226 3330 3180 3587 3051 2893 3246 3030 3241 2992 3129 3297 3171 3069 2861 2897 2692 2884 3528 3123 3215 3070 3220 3413 3178 3474 3217 3342 3247 3234 3180 3310 3309 3094 3245 3421 3418 3063 2901 3257 3463 3316 2940 
3060 2859 3342 3047 2756 2839 2940 2983 2981 2679 2953 2807 3011 3036 3051 3135 2859 3003 3134 3217 2844 2794 3098 3113 3085 3074 3176 2967 3180 2929 3081 3021 3232 2811 3016 3103 2856 3320 3164 3289 3103 3426 2953 2926 3033 3267 3002 3321 2993 3101 3129 3084 2945 3286 3286 2968 2890 3158 3335 3069 3429 2841 2850 3002 3038 2978 2844 2967 3128 3083 3048 2686 2573 2776 2935 3260 2940 3206 2851 2897 3351 3029 3155 3069 3196 3049 2960 2994 3039 3225 2864 3146 3092 3275 2860 2976 3024 3300 3124 2873 
2846 2747 3238 3030 2784 3007 3068 3073 3015 3043 2900 2808 3133 2888 2943 3104 2972 3076 3006 3092 2759 2749 3117 3123 2851 3098 3132 3055 3209 2910 3106 2982 3337 2576 2854 3077 2745 3559 3088 3344 3182 3133 3143 3023 3064 3498 2990 3403 3149 3083 3084 3042 3051 3163 3229 2974 2876 3181 3306 2958 3456 2799 2753 3109 2913 3101 2919 2916 3263 3109 2899 2720 2631 2624 2778 3273 2729 3060 2954 3066 3217 3169 3227 2985 3230 3146 3133 2966 3003 3215 3045 3115 3191 3237 2924 2749 3076 3207 3033 2830 
3123 3110 3332 3311 2963 2953 3134 3211 3070 3063 2916 3013 3153 3016 3068 2961 2888 3123 3257 3115 3098 2811 3099 3269 3002 3230 3251 2980 3185 2921 3153 2976 3358 2769 3125 3287 2939 3508 3221 3385 3093 3409 3103 3020 3178 3456 3125 3434 3107 3300 3151 3259 3143 3383 3477 3039 2959 3242 3532 3206 3611 2911 2856 3220 3130 3077 3138 2964 3038 3259 3130 2810 2675 2860 2921 3264 3143 3200 2847 3088 3422 3305 3368 3122 3287 3129 3232 3055 3217 3237 3275 3177 3246 3191 2855 3110 3172 3657 3210 3095 
2947 3003 3279 3064 2840 3066 3083 3193 3074 2922 2862 2810 3088 2881 2924 3018 3067 3093 3140 3183 2873 2939 3267 3340 3101 3143 3344 2963 3128 2991 3220 3068 3211 2616 3015 3172 2829 3642 2982 3438 3306 3397 2991 3129 3295 3339 3107 3501 3188 3255 3099 3010 3107 3339 3303 3008 2986 3200 3388 3162 3417 2977 2876 3182 3068 3226 2945 2983 3298 3194 3187 2724 2601 2915 3066 3449 3115 3399 3028 2887 3367 3206 3233 3057 3183 3187 3212 2950 3176 3233 3053 3306 3196 3242 2883 2763 3053 3384 3162 3067 
2940 2725 3159 3057 2707 2925 2959 2970 2884 2671 2762 2723 2932 2849 2944 3022 2793 2961 2999 3011 2834 2830 3139 2975 2894 3087 3059 2807 3096 2902 3084 2965 3162 2519 2951 3002 2757 3383 2881 3332 2880 3191 2858 2871 2987 3190 3017 3216 3030 2919 3110 2962 2896 3094 3157 2804 2797 3016 3318 2889 3417 2904 2733 2978 2957 2961 2913 2809 3045 3103 2869 2675 2581 2785 2788 3146 2949 3100 2896 2872 3352 3084 3089 2920 3142 3070 2992 2819 3037 3030 2855 2985 3291 3135 2873 2581 2747 3295 2911 2852 
2997 2887 3154 3013 2755 2862 3020 3058 2969 2813 2946 2960 3250 3051 3113 3156 2977 3047 3057 3088 2651 2759 3117 3160 2889 3180 3176 3078 3155 2876 3125 2874 3245 2720 2810 2933 2943 3460 3116 3271 3029 3361 3076 3034 3228 3367 2857 3319 3113 3250 2886 3089 3063 3272 3268 2896 2983 3093 3274 2940 3302 2937 2822 3188 2977 3177 2786 2956 3101 2967 2889 2644 2662 2588 2689 3198 3049 3252 2853 2964 3319 3275 3026 2881 3319 3230 3045 2875 3070 3134 3159 3109 3149 3260 2896 2755 3157 3177 3148 2907 
3331 3178 3461 3427 3108 3287 3292 3383 3357 3085 3124 3102 3251 3264 3317 3300 3232 3226 3292 3469 3188 3104 3469 3540 3220 3507 3646 3182 3411 3163 3426 3163 3504 2859 3326 3357 3130 3617 3459 3524 3318 3690 3189 3088 3434 3574 3285 3619 3348 3487 3424 3331 3170 3472 3568 3202 3226 3298 3573 3317 3579 3215 3070 3418 3340 3482 3080 3102 3288 3352 3310 3028 2809 3094 3043 3721 3462 3655 3134 3279 3605 3360 3256 3349 3541 3327 3502 3363 3517 3370 3213 3432 3502 3489 3126 3141 3281 3685 3405 3276 
2986 2855 3260 3170 2696 2928 2953 2888 2932 2716 2934 2781 3053 2988 2847 3049 3014 3046 3141 2999 3014 2842 2994 3136 2818 3146 3143 3026 3229 2896 3134 2804 3312 2618 2766 3118 2893 3628 3118 3263 3087 3363 3019 2938 3153 3269 3085 3293 3324 3155 3235 3197 2978 3131 3153 2806 2914 3201 3321 2979 3458 2891 2845 3201 3181 3129 2973 2745 3237 3062 2901 2693 2551 2769 2779 3240 2967 3143 2787 3021 3361 3102 3132 3010 3201 3237 3027 3054 3077 3202 3095 2986 3127 3280 2745 2748 3042 3390 2931 2781 
3023 3148 3331 3109 2731 2984 3138 3218 3108 2826 3020 2754 3184 3021 3058 2976 2981 2958 3091 3300 2831 2831 3057 3302 2973 3052 3373 3212 2991 2985 3152 3033 3317 2739 3011 2990 2849 3595 3113 3452 3294 3428 3014 2859 3295 3313 3264 3502 3319 3378 3241 3075 3005 3289 3295 3052 2943 3096 3437 3158 3709 3079 2744 3073 3088 3292 2936 2970 3331 3162 3051 2884 2666 3036 3094 3423 3112 3244 2897 2937 3457 3143 3368 3073 3295 3239 3142 3143 3092 3331 3171 3149 3216 3390 2871 2969 3191 3522 3136 2950 
3000 2871 3264 3214 2770 3156 3007 3118 3096 2891 2927 2840 3237 3014 3046 3273 3111 3216 3122 3139 2895 2928 3190 3255 2973 3162 3307 3173 3265 2979 3105 3030 3317 2751 2955 3165 2942 3721 3133 3463 3152 3294 3030 3019 3206 3435 3015 3470 3225 3316 3246 3100 3080 3292 3348 2898 3080 3255 3432 3095 3527 2993 2925 3026 3065 3289 2937 2980 3280 3302 2886 2808 2678 2786 2950 3409 3084 3226 2949 2917 3450 3266 3209 3126 3472 3234 3207 3096 3126 3444 3174 3253 3309 3302 2937 2750 3080 3341 3143 2985 
2947 2849 3264 3056 2817 2953 3119 3104 2945 2774 2846 2780 2975 2834 2943 3003 2857 2881 2898 2961 2773 2674 3051 3159 2940 3140 3046 2908 3072 2821 2982 2936 3137 2676 2790 2960 2726 3537 2970 3167 2983 3228 3036 2843 3036 3285 3058 3237 3049 2988 3037 2970 2927 3134 3246 2776 2908 3115 3245 2918 3461 3133 2685 2882 2882 3093 2792 2932 3079 3173 2897 2788 2658 2622 2918 3199 2992 3135 2773 2926 3286 3045 3199 3151 2954 3154 3036 2916 2955 3134 2952 2976 3192 3100 2910 2658 3027 3090 3206 2767 
3066 2882 3183 2966 2733 2891 2923 3061 3034 2836 2879 2773 3061 3018 2949 3146 3078 3052 2992 3001 2875 2793 3134 3163 2960 3098 3218 2988 3085 2989 2975 3097 3223 2645 2916 3177 2940 3497 3047 3251 3153 3282 2910 2908 3260 3411 3173 3265 3130 3100 3171 3191 3019 3034 3331 2952 2849 3085 3477 3056 3450 3020 2793 3221 3073 3001 2937 2833 3054 3136 2964 2773 2578 2807 2944 3129 2975 3130 2889 2995 3287 3205 3244 3139 3237 3173 3084 3046 3135 3378 3103 3254 3144 3320 3003 2844 3062 3446 3168 2935 
2865 2651 3097 3050 2714 2582 2772 2782 2721 2690 2689 2674 2865 2681 2751 2828 2744 2788 2886 2834 2871 2652 2768 2991 2804 2945 3043 2663 3010 2486 2952 2711 2922 2507 2594 3090 2635 3335 2976 3065 2859 3015 2787 2634 2959 3079 2975 3074 2966 2972 2845 2760 2854 2977 3229 2690 2702 2864 3091 2802 3149 2713 2750 2980 2884 2727 2731 2577 2840 2967 2836 2451 2416 2514 2692 2945 2871 3017 2604 2656 2977 2800 2975 2897 2925 2907 3014 2935 2818 3030 2903 2768 2952 2919 2737 2665 2916 3201 2911 2652 
2924 2746 3133 2991 2635 2849 2832 2914 2891 2585 2681 2730 2894 2761 2875 2969 2838 2924 2951 2934 2680 2793 2825 3049 2956 2866 2947 2807 3044 2666 2978 2867 3047 2690 2856 3016 2927 3336 2991 3126 2844 3139 2750 2798 3044 3213 2900 3207 2987 3059 3072 2937 2838 2985 3035 2792 2707 3109 3107 2953 3348 2708 2685 3022 2883 2957 2891 2836 3062 3050 2862 2567 2407 2606 2822 3098 2840 3150 2747 2869 3155 3099 3098 2944 3097 2904 2968 2771 3057 2951 2865 3026 3055 2954 2701 2728 2754 3214 3101 2821 
2953 2549 3045 3070 2668 2795 2820 3063 2938 2708 2794 2726 2926 2954 2922 2758 2849 2901 3073 2982 2728 2528 2893 3138 2796 3012 3143 2921 2963 2657 2936 2884 3055 2569 2858 2927 2808 3410 3013 3196 2841 3192 2786 2642 3030 3052 2917 3146 3053 2984 2914 2944 2890 3061 3163 2893 2877 2980 3068 2973 3457 2760 2616 3001 2888 2953 2712 2766 3015 2963 2910 2828 2551 2705 2734 3106 2855 3094 2783 2918 3170 2968 3064 2969 2958 2883 2992 2932 2959 3050 3010 2914 3061 3048 2527 2769 2801 3140 2887 2835 
2908 2870 3260 3091 2703 2921 3000 3040 3005 2777 2628 2825 3057 2804 2869 3070 2925 2883 2949 2978 2822 2617 2996 3169 2907 3151 3032 2779 3034 2729 2820 2953 3087 2603 2964 2940 2827 3429 2985 3252 2888 3114 2892 2809 3162 3119 3101 3038 3279 3079 3125 2859 2809 3109 3279 2927 2765 3071 3187 3048 3567 2882 2847 3044 3008 3045 2812 2854 3003 3138 2970 2831 2533 2706 2906 3048 2953 3129 2781 2925 3294 2998 3246 2950 2971 3116 2966 3061 2972 3137 3053 3020 3104 3045 2843 2808 2985 3274 3050 2836 
2968 2826 3318 3088 2922 2941 3158 3002 2972 2912 2930 2970 2989 2859 2996 2956 2929 3040 3124 3307 2986 2741 2961 3320 3134 3111 3279 3022 3139 3041 2987 3030 3207 2660 2936 2973 2893 3613 3263 3345 2996 3371 2868 2953 3035 3296 3128 3297 3303 3230 3263 2881 3047 3011 3445 2883 3019 3023 3332 3053 3472 2889 3007 3244 3011 3053 2903 2823 3220 3234 2971 2873 2475 3032 2786 3342 2986 3144 2899 3142 3267 3086 3242 3193 3111 2983 2910 3144 3109 3236 2965 3063 3351 3220 2861 2918 2919 3359 3188 2848 
2993 2821 3415 3300 2946 2932 3152 3095 3032 2772 3135 2813 3115 2854 3063 2994 2871 3187 3247 3281 2989 2776 3143 3238 3058 3229 3332 2970 3087 2891 3126 3032 3183 2688 3008 3101 2917 3720 3145 3376 3112 3309 3158 3077 3218 3345 3079 3433 3033 3211 3122 2934 3100 3293 3457 2983 3059 3159 3328 3095 3573 2811 2789 3046 2990 3149 2842 2980 3227 3214 2968 2885 2648 2945 2846 3338 3046 3158 2891 3034 3317 3189 3303 3091 3185 3204 3132 3182 2966 3330 3246 3189 3337 3125 2856 2774 3072 3391 3032 2881 
3426 3233 3586 3432 3002 3267 3342 3429 3264 3193 3209 3113 3417 3354 3312 3456 3302 3420 3506 3332 3122 3045 3406 3526 3183 3430 3638 3325 3583 3171 3460 3230 3519 2839 3139 3292 3161 3876 3420 3631 3391 3637 3289 3310 3500 3737 3424 3726 3425 3588 3386 3337 3339 3418 3629 3169 3185 3509 3815 3389 3789 3216 3091 3500 3253 3426 3137 3091 3399 3496 3180 3011 2889 3010 3289 3637 3409 3513 3137 3259 3436 3508 3550 3281 3454 3445 3436 3310 3494 3591 3513 3378 3494 3646 3157 3067 3372 3562 3439 3164 
3288 2971 3464 3378 2907 3092 3403 3370 3301 3003 3119 3020 3251 3282 3215 3288 3105 3188 3299 3324 3166 2933 3253 3315 3080 3423 3452 3323 3408 3050 3319 3222 3496 2853 3187 3286 3214 3734 3426 3577 3316 3631 3148 3124 3436 3613 3166 3584 3428 3338 3469 3288 3208 3394 3566 3278 3200 3489 3666 3372 3803 3109 3118 3399 3237 3349 3148 3104 3443 3296 3119 2908 2870 3070 3082 3491 3194 3563 3184 3320 3429 3498 3548 3287 3399 3384 3261 3386 3384 3526 3313 3385 3410 3613 2994 3026 3225 3654 3265 3296 
2932 2648 3020 2851 2627 2787 2888 2888 2877 2682 2639 2726 2796 2870 2998 2782 2698 2902 2984 2907 2599 2837 2920 2981 2869 2955 3112 2914 3003 2547 2959 2679 2993 2552 2513 2844 2841 3276 3034 3054 2872 3054 2835 2711 2976 3291 2672 3064 3022 3004 2945 2852 2960 2953 3109 2738 2667 2955 3245 2823 3125 2779 2548 2966 2818 2920 2666 2735 2896 2965 2824 2460 2503 2580 2713 3018 2868 2998 2768 2715 3001 2926 3090 2786 2997 3056 3050 2680 2933 2950 3060 2868 2959 2954 2697 2713 2824 3221 3011 2682 
3233 3160 3467 3280 2982 3157 3156 3331 3446 3017 3052 3001 3390 3305 3258 3406 3314 3233 3264 3257 3053 2994 3247 3518 3150 3380 3362 3346 3411 3030 3411 3212 3382 2944 2996 3354 2993 3771 3269 3457 3154 3537 3066 3026 3375 3533 3195 3478 3395 3421 3298 3355 3078 3367 3544 3044 3095 3380 3393 3397 3694 3145 3153 3396 3244 3223 3004 3186 3369 3308 3309 2845 2814 2838 3148 3563 3215 3475 2999 3289 3314 3333 3317 3218 3451 3438 3410 3138 3268 3542 3327 3219 3327 3540 3095 2936 3405 3414 3277 3135 
3380 3150 3455 3291 3106 3190 3273 3263 3167 3040 3012 2994 3256 3045 3170 3194 3144 3237 3441 3499 3133 3035 3182 3415 3158 3317 3534 3138 3323 3178 3286 3149 3359 2903 3116 3229 3297 3908 3308 3623 3315 3470 3150 3142 3419 3516 3285 3728 3424 3368 3459 3093 3312 3441 3721 3241 3112 3372 3551 3434 3667 3197 2994 3443 3158 3368 3156 3068 3312 3392 3124 2959 2704 3083 3066 3513 3313 3301 3134 3176 3595 3205 3364 3176 3425 3273 3349 3401 3358 3491 3314 3284 3460 3385 3277 3013 3182 3700 3380 3113 
2760 2655 3126 2851 2560 2699 2792 2795 2753 2632 2697 2471 2727 2485 2746 2755 2707 2679 2728 2805 2515 2413 2855 2839 2739 2823 2861 2725 2837 2684 2766 2826 3086 2289 2661 2745 2491 3172 2713 2978 2774 2981 2780 2674 2780 3130 2828 3085 2766 2770 2875 2715 2721 2834 3019 2589 2560 2803 3030 2702 3195 2761 2560 2676 2531 2771 2825 2722 2804 3033 2634 2595 2377 2479 2582 3010 2514 2813 2502 2815 2908 2821 2967 2860 2911 2809 2726 2742 2660 2853 2735 2798 2953 2765 2616 2590 2842 2976 2851 2457 
3118 3110 3492 3116 2928 3256 3282 3333 3180 3046 3098 2993 3196 3339 3159 3215 3192 3366 3367 3323 3042 3049 3397 3541 3130 3357 3333 3251 3479 3155 3387 3149 3634 2797 3296 3426 3169 3758 3413 3466 3246 3483 3271 3215 3455 3546 3255 3585 3360 3521 3447 3325 3369 3449 3464 3242 3237 3291 3466 3306 3804 3078 3103 3297 3235 3257 3219 3053 3361 3295 3319 2971 2698 3082 3099 3696 3201 3540 3188 3411 3565 3452 3542 3125 3454 3346 3325 3308 3387 3319 3390 3331 3488 3524 3158 3217 3429 3516 3366 3312 
2595 2477 2827 2683 2525 2522 2593 2735 2694 2421 2371 2462 2744 2530 2683 2712 2533 2770 2672 2802 2556 2478 2656 2723 2708 2819 2757 2458 2615 2592 2538 2734 2801 2377 2749 2631 2515 3040 2736 2995 2714 2961 2552 2495 2854 2775 2696 3009 2669 2852 2626 2446 2631 2776 2961 2590 2715 2707 3064 2778 3022 2576 2420 2834 2697 2732 2417 2609 2681 2855 2471 2483 2260 2458 2502 2645 2707 2846 2444 2651 2815 2727 2777 2506 2802 2685 2661 2860 2702 2741 2616 2705 2666 2883 2482 2395 2676 2884 2690 2560 
2975 2716 3127 2993 2597 2771 2887 3025 2981 2665 2722 2699 2973 2773 2910 2957 2936 2876 3062 3010 2764 2795 2943 3116 2884 2898 3266 2824 3065 2684 2843 2899 3095 2612 2959 2941 2770 3439 3085 3121 2812 3151 2737 2794 3028 3187 3024 3358 3171 3067 3057 2883 2928 2977 3159 3027 2842 2923 3247 2904 3427 2782 2800 3097 2793 2930 2860 2713 3067 2936 2713 2636 2507 2681 2796 3244 2891 3134 2869 3051 3096 2884 3177 2899 2928 3073 2999 2997 3087 2953 2793 3052 2860 3137 2871 2654 2828 3186 2926 3049 
