100 100
3227 3290 3141 3422 3094 2760 3153 2979 3032 2899 3089 2684 3196 3019 2714 3185 3431 3120 2956 3199 2925 3027 3116 2922 3322 3285 3212 2890 3075 3004 3075 2822 2867 3191 3187 2672 2835 2895 3079 3035 3289 2776 2945 2796 3097 3402 3052 3080 3152 2758 3205 2851 2730 3113 3068 3010 3043 3028 2997 2863 2865 2882 3061 3265 3209 3309 2713 3310 2964 3250 3034 2764 3018 2956 2753 3033 3368 2921 2959 2958 2943 3025 3039 3152 3206 3102 2886 2955 3034 3247 3168 3273 3223 2965 3023 3199 2885 2767 2941 3200 
2841 2746 2886 3139 2942 2396 2693 2758 2863 2738 2935 2543 2592 2743 2510 2982 3068 2792 2631 3045 2611 2804 2782 2682 3103 2769 2938 2693 2831 2538 2877 2589 2713 2885 2664 2517 2668 2634 2701 2744 3065 2588 2637 2431 2758 3086 2899 2856 2821 2729 2792 2822 2353 2765 2777 2765 2788 2765 2891 2685 2569 2738 2879 2838 3011 3028 2516 2868 2485 3006 2741 2625 2855 2716 2406 2745 3092 2628 2681 2694 2706 2748 2792 2853 3046 2771 2780 2698 2730 2973 2882 2833 3075 2693 2830 2845 2764 2643 2763 2980 
3211 2940 3213 3549 3270 2822 3101 3109 2981 2978 3139 2787 3075 3001 2754 3328 3432 3106 2945 3395 3004 3051 3215 3005 3447 3189 3104 2937 3181 2679 3241 2899 2975 3219 2876 2786 3115 2898 3139 2983 3276 3093 2736 2758 3176 3541 3082 3241 3029 2921 2917 3096 2789 3059 3093 2986 3311 3165 3136 3061 2633 3024 3112 3249 3311 2997 2909 3332 3010 3359 2949 2865 3195 2981 2900 3294 3381 3002 2887 3034 2852 3127 3092 3106 3300 3143 3011 3091 3082 3331 3347 3284 3383 2834 3100 3379 2990 2798 3069 3397 
3211 3198 3378 3452 3256 2854 3024 2906 3080 3035 3368 2952 3228 3004 2699 3357 3304 3077 2938 3442 3015 3134 3327 3095 3457 3324 3365 3077 3230 2951 3185 3047 3131 3204 3031 2555 3138 3064 3161 3025 3316 2987 2951 2827 3311 3670 3173 3114 3150 2952 3031 3010 2772 3052 3199 3063 3172 3087 3201 2901 2840 3184 3174 3295 3381 3261 2927 3300 2950 3249 3044 2915 3290 2943 2854 3398 3474 3052 2932 3203 3157 3277 3113 3194 3410 3265 3186 3130 3098 3335 3307 3236 3353 3015 3216 3404 3102 2902 3085 3347 
3260 3364 3211 3646 3350 2951 3436 3246 3360 3079 3237 2773 3414 3086 2933 3310 3474 3187 3040 3476 2980 3268 3524 3098 3647 3199 3315 3006 3148 2933 3378 3054 3041 3283 3167 3048 3111 2949 3246 3371 3427 3146 3074 2979 3156 3624 3198 3487 3156 3178 3300 3187 2947 3330 3128 3255 3377 3283 3132 3239 2875 3284 3234 3377 3319 3332 3043 3471 3067 3458 3066 2923 3255 3184 2956 3290 3427 3064 3325 3074 3230 3320 3172 3307 3374 3338 3037 3081 3367 3464 3359 3403 3376 3203 3238 3517 2939 2911 3225 3603 
2956 3087 2927 3338 3017 2600 3057 2904 2815 3062 2960 2548 3209 2818 2674 2828 3300 2957 2744 3246 2836 3002 3159 2761 3355 3069 3163 2857 3063 2836 3008 2826 2936 3008 2856 2707 3062 2734 2811 2995 3200 2828 2711 2747 2804 3312 3095 3127 2921 2956 2948 2921 2775 2992 2890 2998 3096 2977 2922 3048 2589 2931 2952 3164 3053 3203 2703 3071 3000 3110 2866 2886 2936 2910 2724 3047 3204 2812 2840 3046 2993 3110 2827 2901 3025 2835 2987 2897 3221 3226 3094 2897 3146 2904 3078 3328 2894 2755 3075 3304 
3211 3191 3180 3441 3090 2845 3285 3188 3163 2964 3224 2808 3041 2942 2802 3222 3388 3241 2875 3351 2933 3008 3205 3027 3544 3367 3230 2950 3230 2921 3339 2911 3074 3165 3036 2753 3087 2936 3259 3159 3345 2787 2865 2744 3030 3485 3192 3363 3161 3035 3117 3224 2808 3172 3125 3019 3189 3012 3065 2973 2714 3017 3107 3175 3480 3173 2839 3440 2948 3236 2978 2804 3102 3065 2898 3236 3328 3133 3163 2951 3071 3261 3133 3285 3300 3053 3011 2981 3008 3385 3267 3323 3095 2942 3043 3390 3125 2892 2965 3401 
2770 2856 2705 3038 2682 2447 2652 2794 2696 2703 2796 2406 2460 2808 2492 2766 3053 2767 2697 3013 2689 2763 2795 2497 2881 2810 2930 2648 2875 2733 2764 2638 2704 2759 2660 2346 2694 2537 2744 2783 3088 2516 2678 2536 2714 3106 2697 2908 2699 2493 2871 2736 2483 2587 2699 2643 2833 2715 2827 2644 2421 2737 2858 2805 2906 2835 2363 2858 2613 2933 2715 2470 2869 2743 2448 2846 2966 2573 2702 2708 2582 2863 2710 2823 2914 2660 2744 2543 2748 2757 2866 2928 2862 2579 2920 2867 2535 2532 2620 3171 
3166 3330 3259 3406 3233 2825 3189 3203 3035 2961 3233 2691 3067 2990 2816 3182 3450 3140 2896 3408 3341 3125 3284 3107 3596 3157 3083 2958 3164 2917 3289 2888 2989 3160 3089 2832 3021 2952 3113 3231 3207 2885 2898 2724 3149 3589 3124 3226 3166 2974 3166 3076 2789 3207 3142 3032 3306 3141 3044 2974 2792 3104 3084 3248 3389 3240 2960 3510 2928 3205 2910 2942 3122 3137 2844 3188 3522 3034 3230 3122 2957 3130 3035 3382 3173 3180 3165 3083 3106 3151 3235 3489 3283 3028 2957 3365 3145 2688 3003 3352 
2733 2762 2808 3026 2759 2285 2713 2509 2837 2821 2736 2468 2816 2668 2358 2795 3011 2775 2602 3083 2544 2778 2869 2661 3223 2761 2720 2666 2859 2536 2829 2614 2580 2867 2832 2346 2711 2482 2711 2552 2946 2580 2555 2549 2819 3130 2749 2763 2645 2619 2827 2661 2385 2610 2705 2797 2859 2792 2761 2585 2401 2719 2758 2952 2938 2780 2551 2958 2699 2936 2663 2653 2877 2618 2601 2905 2875 2697 2552 2711 2748 2844 2785 2674 2867 2668 2820 2608 2786 2972 2963 2905 2816 2584 2822 3098 2547 2615 2628 2943 
2991 2877 2792 2984 2997 2482 2943 2851 2724 2686 2961 2590 2706 2696 2448 2910 3015 2847 2732 2953 2825 2953 2885 2793 3099 3035 2990 2733 2659 2667 2779 2570 2584 2702 2718 2424 2770 2448 2851 2723 2902 2544 2640 2416 2751 3187 2865 2911 2789 2642 2877 2621 2584 2653 2708 2724 2837 2738 3019 2772 2534 2824 2849 2933 3036 2960 2449 3042 2774 2890 2749 2540 2890 2733 2584 2829 2962 2673 2846 2759 2818 2930 2796 2889 2966 2741 2737 2670 2772 2972 2922 2951 2928 2860 2806 3162 2650 2721 2843 3203 
2884 2949 2792 3160 2997 2589 3006 2815 2920 2738 3068 2531 2829 2603 2621 3024 3174 2906 2760 3171 2919 2887 3041 2746 3154 3057 2981 2755 2930 2759 2987 2929 2731 2940 2800 2510 2731 2625 2909 3014 3023 2771 2849 2470 2930 3291 2863 3027 2784 2778 2921 2847 2541 2991 2886 2849 3026 2808 2854 2689 2798 2759 2870 2994 3041 2933 2828 3061 2780 3138 2776 2529 2868 2867 2597 2923 3092 2899 2854 2780 2661 2821 2891 3085 3184 2893 2815 2718 2989 2972 3086 3134 3090 2852 2894 2987 2814 2533 2659 3110 
3065 3078 3001 3368 3192 2904 3116 2960 2983 2988 3121 2774 3027 3076 2789 3141 3372 3017 2846 3393 3021 3067 3232 2885 3392 3168 3143 3035 2970 2834 3239 2981 3058 3166 2938 2606 3003 2810 3008 3029 3266 2878 2886 2746 3139 3397 3175 3245 2983 2969 3099 3011 2819 3088 2956 2868 3380 3050 3041 3010 2843 3025 2911 3195 3283 3211 2877 3156 3075 3288 2954 2680 3194 3017 2752 3112 3391 2787 3011 3016 3107 3076 3051 3200 3262 3097 2918 2804 3114 3150 3220 3116 3304 3037 3151 3278 2849 2776 3092 3478 
3146 3184 3199 3448 3135 2676 3067 3115 2936 3138 3081 2793 2917 2990 2712 3352 3519 3111 2820 3304 3193 3065 3204 2985 3487 3146 3162 2980 3056 2976 3261 2821 2964 3164 3104 2693 3031 2828 3119 3250 3301 2717 2979 2625 2992 3533 3209 3224 3184 2924 3201 3062 2941 3073 3014 3042 3165 2997 3093 2954 2815 3062 3104 3287 3492 3320 2687 3195 3038 3142 2986 2815 3187 3042 2863 3112 3370 3094 3009 3086 3012 3143 3045 3293 3224 3026 3132 2937 2884 3152 3154 3205 3354 3059 3089 3330 3261 2900 2992 3359 
2880 2954 3026 3266 2879 2572 2879 2774 2737 2714 2911 2542 2928 2762 2521 2995 3127 3048 2705 3116 2641 2961 2854 2768 3236 2936 2927 2784 3030 2648 2944 2649 2801 2874 2852 2585 2649 2672 2791 2839 3126 2671 2765 2632 2783 3039 2868 3087 2847 2692 2880 2667 2514 2798 2909 2907 3033 2921 2796 2692 2577 2785 2836 3070 3185 3082 2734 2982 2762 3168 2870 2574 2886 2722 2566 2897 3168 2774 2851 2642 2814 2907 2781 2972 3109 2831 2722 2683 2952 3064 2995 2993 3061 2822 2927 3226 2639 2683 2875 3052 
3164 3237 3224 3503 3133 2884 3436 3034 3054 3068 3153 2628 3128 2970 2961 3322 3510 3065 2916 3480 3131 2927 3385 2969 3472 3133 3410 3023 3197 3060 3222 3076 2983 3261 3007 2884 3079 2962 3164 3216 3509 2960 3155 2913 3107 3655 3119 3335 3209 2927 3231 3171 2799 3100 3208 2995 3207 3129 3104 3010 2689 3157 3229 3066 3500 3152 2716 3456 3053 3296 3095 2916 3177 3141 2907 3389 3387 3049 3182 3036 3017 3315 3119 3134 3263 3106 3090 3137 3148 3222 3193 3199 3376 2870 3195 3311 3074 2765 3032 3436 
3087 3111 3150 3437 3148 2691 3109 3044 2967 2851 3199 2728 3140 3123 2566 3216 3312 3231 2984 3371 3058 3278 3286 3028 3327 3045 3312 3011 3209 2871 3035 2943 3100 3072 2869 2831 3069 3009 2927 2953 3127 2949 2827 2877 3060 3608 3025 3231 3190 2950 3074 2894 2776 2901 3195 3196 3155 3064 3059 2968 2856 3107 3106 3327 3469 3382 2844 3287 2928 3424 3000 2851 3128 3017 2753 3134 3485 2823 2985 3127 2960 3096 3199 3126 3231 3084 3095 2934 3081 3184 3091 3149 3356 3049 3011 3415 2924 2761 3047 3370 
3436 3306 3262 3575 3414 2995 3425 3267 3279 3072 3434 3008 3190 3265 2868 3486 3538 3426 3163 3551 3230 3295 3430 3278 3598 3457 3389 3130 3213 3162 3342 3126 3144 3331 3263 3003 3221 3054 3316 3339 3579 3006 3135 2959 3366 3577 3371 3299 3133 3058 3388 3186 2770 3372 3318 3279 3437 3253 3393 3178 3151 3177 3371 3454 3500 3384 3048 3515 3164 3595 3208 2992 3244 3101 2903 3337 3608 3182 3216 3103 3272 3251 3433 3525 3574 3336 3090 3162 3357 3556 3426 3455 3507 3308 3321 3538 3117 3148 3126 3674 
2997 3155 3122 3364 3106 2582 2923 2878 3046 2775 3064 2746 3096 2836 2522 3143 3166 3092 2771 3270 2982 3019 3215 2945 3462 3069 3109 3005 3085 2763 3041 3064 2776 3072 2971 2657 2953 2741 3003 3038 3215 2921 2855 2897 3040 3387 2865 3201 2918 2919 2961 2785 2823 3016 3149 2958 3126 2938 3148 2825 2666 2981 3003 3209 3245 3386 2747 3238 2952 3143 3037 2807 3267 2918 2728 3055 3233 2912 2966 2919 2971 3076 3092 2888 3216 3188 2965 2930 3087 3170 3176 3144 3256 2954 2938 3403 2932 2753 2936 3221 
3254 3331 3167 3535 3450 2845 3277 3068 3096 3055 3361 2753 3097 3034 2858 3252 3529 2949 3029 3538 3112 3262 3381 3048 3525 3170 3400 3067 2961 3042 3329 3026 2965 3178 3130 2841 3046 2820 3222 3186 3385 3087 3023 2878 3118 3567 3369 3405 3152 2947 3283 3052 2803 3130 3155 3160 3400 3276 3339 2940 3015 3213 3118 3192 3243 3308 2880 3348 3111 3429 3070 2984 3311 3072 3000 3205 3339 2998 3121 3084 3114 3183 3212 3277 3415 3147 2958 2984 3241 3382 3405 3254 3236 3066 3266 3484 2927 2852 3167 3554 
3000 2958 2997 3443 3018 2688 3008 2953 3186 2782 3132 2805 2883 3019 2712 3205 3376 2980 2868 3427 2928 3156 3100 2945 3391 3018 3233 3020 3013 2855 3162 2874 2902 3099 2971 2655 2858 2741 3084 2942 3195 2919 2810 2773 3044 3402 3050 3121 3112 2739 3001 3014 2746 3033 2960 2804 3140 3079 3069 2834 2736 3065 2970 3185 3337 3210 2686 3197 2897 3327 3002 2697 3065 2931 2735 3231 3338 2781 2851 2988 3029 3151 3085 3138 3174 3035 3012 2899 2996 3306 3141 3077 3114 2957 3103 3416 2932 2654 2948 3398 
2851 2636 2812 3276 2844 2673 2879 2844 2824 2814 2983 2599 2862 2776 2479 2763 3032 2952 2533 3103 3027 2842 2898 2697 3120 3062 2948 2650 2931 2762 2975 2765 2697 2933 2762 2373 2725 2799 2750 2758 3070 2583 2635 2609 2839 3169 2840 2924 2744 2751 2791 2885 2475 2984 2936 2721 2908 2703 2901 2746 2543 2689 2783 2960 3038 3001 2532 3121 2681 3111 2787 2587 2770 2796 2540 2844 3226 2739 2795 2814 2721 2816 2755 3060 3023 2917 2776 2710 2936 2815 2901 2996 2981 2810 2668 2970 2739 2647 2846 3145 
2887 3076 2958 3357 2988 2592 3007 2891 2974 2837 3036 2565 2905 3008 2735 2951 3173 3057 2777 3173 2932 2927 3064 2721 3164 3232 3112 2836 3031 2851 2934 2802 2626 3016 2957 2673 2943 2916 3032 3084 3092 2601 2962 2658 2947 3342 2926 3110 2841 2887 3068 2906 2702 2880 3080 2845 3034 2952 2961 3028 2524 2894 2956 3082 3134 3071 2647 3138 2921 2994 2798 2740 3065 3106 2613 3001 3330 2830 2987 2933 2843 3076 2852 3058 3036 2981 2939 2817 3151 3048 3077 3084 3135 2862 2957 3212 2875 2637 2865 3270 
2909 2961 2954 3228 2949 2487 2867 2752 2999 2572 3018 2541 2957 2795 2503 2981 3039 2823 2796 3142 2751 2896 2958 2757 3028 2921 2980 2773 3003 2799 3000 2793 2664 2774 2929 2648 2823 2823 2822 2930 3143 2764 2678 2647 2898 3210 2753 3013 2839 2565 2821 2807 2575 2818 2820 2798 2839 2945 2896 2765 2483 2709 2792 3083 3028 2995 2609 3037 2762 3109 2807 2582 2947 2859 2618 2902 3032 2666 2749 2655 2909 2895 2924 2929 2908 2716 2867 2802 2933 3074 2893 2991 3054 2769 2962 3187 2608 2413 2848 2960 
3080 2984 3082 3343 2955 2666 2981 2759 2930 2868 3115 2552 3097 2759 2611 3032 3269 2909 2725 3227 2890 2857 3018 2828 3373 3128 3116 2858 3049 2802 3076 2918 2818 3165 2806 2577 2925 2741 3042 2921 3078 2679 2798 2658 3012 3370 2935 2994 2907 2752 2861 2835 2611 2989 3098 2803 3000 3009 3010 2914 2540 2759 2998 3111 3204 3055 2860 3194 2864 3058 2808 2695 3002 3062 2839 3047 3346 2895 3009 2878 2909 2879 2849 2982 3118 2985 2922 2913 3035 2992 3068 3122 3210 2711 2824 3257 2960 2728 2924 3043 
2842 2855 2634 2918 2971 2403 2903 2694 2853 2691 2880 2504 2683 2668 2407 2927 2824 2619 2691 2993 2627 2887 2942 2800 3086 2904 3008 2769 2673 2450 2892 2673 2522 2749 2643 2624 2688 2568 2585 2687 2865 2563 2656 2507 2825 2978 2735 2871 2817 2527 2704 2650 2535 2693 2683 2712 2741 2737 2821 2806 2578 2655 2671 2750 2988 2894 2416 2898 2570 2746 2755 2524 2689 2691 2441 2776 3046 2416 2607 2650 2764 2788 2839 2818 2848 2721 2683 2645 2808 3049 2968 2787 2866 2734 2818 2881 2487 2503 2588 3082 
3132 3002 2878 3374 3154 2471 3194 2867 3027 2953 2953 2721 2939 2899 2766 3157 3475 2917 2769 3192 2950 2930 3024 2854 3270 3089 3054 2949 2935 2711 3072 2782 2753 3060 2794 2748 3024 2724 2868 3040 3258 2802 2908 2642 3102 3327 2966 3112 3113 3087 2948 2933 2745 3175 2988 2918 3043 2994 2905 3021 2771 3025 2943 2985 3241 3154 2581 3202 2901 3214 2921 2802 3145 2881 2707 3175 3248 2830 2831 3118 3034 3043 2876 2954 3183 2962 2827 2956 3206 3288 3034 3097 3310 2780 2885 3075 2977 2680 2986 3318 
3307 3379 3238 3474 3374 2731 3314 3241 3335 3185 3109 3020 3285 3244 2859 3360 3508 3405 3084 3504 3261 3429 3357 3069 3665 3290 3491 3063 3381 3189 3407 3204 3115 3216 3152 3023 3298 3027 3113 3244 3366 3013 3028 2769 3267 3517 3083 3400 3331 3001 3304 3136 2956 3188 3208 3193 3140 3218 3126 2970 3000 3092 3246 3499 3477 3499 2888 3464 3039 3479 3115 2974 3320 3195 2791 3428 3553 3077 3050 3235 3259 3452 3134 3308 3341 3346 3145 3198 3309 3397 3433 3419 3506 3343 3282 3438 3142 3106 3058 3605 
3079 2958 3158 3306 3136 2715 3188 2996 3006 2982 3040 2679 3022 2957 2710 3148 3349 2903 2697 3295 2924 3046 3069 2843 3396 3051 3111 2900 2978 2862 3254 2710 2930 3089 2924 2717 3036 2780 3097 2955 3295 2758 2778 2642 3060 3384 3114 3144 2996 2983 2937 3074 2710 3019 2985 2860 3027 3029 2934 2708 2733 2987 2872 3020 3054 3056 2656 3357 2896 3317 2904 2796 3058 2993 2906 3203 3197 2917 2845 2961 2944 3176 3004 3053 3055 2935 2841 2774 2956 3181 3049 2966 3088 2907 2929 3284 2763 2692 2940 3453 
2744 2660 2915 2969 2876 2448 2792 2463 2677 2659 2784 2516 2741 2633 2512 2889 2972 2734 2518 3135 2737 2703 2855 2648 3086 2711 2810 2664 2810 2629 2984 2706 2579 2826 2651 2278 2621 2660 2680 2646 2937 2564 2543 2449 2823 2962 2703 2762 2656 2489 2789 2649 2454 2690 2661 2622 2786 2808 2815 2686 2390 2737 2800 2756 2999 2782 2341 2949 2857 2819 2612 2494 2833 2725 2617 2873 2908 2437 2570 2721 2877 2881 2752 2762 2709 2751 2769 2563 2806 2910 2984 2808 2943 2692 2798 2835 2720 2575 2745 2813 
2786 2834 2901 3165 2970 2472 2904 2615 2798 2718 2898 2497 2844 2662 2491 2972 3093 2585 2567 3100 2629 2756 3028 2738 3051 2938 3053 2636 2797 2504 2902 2626 2859 2862 2702 2626 2682 2615 2751 2799 3019 2728 2449 2635 2853 3113 2822 2940 2699 2608 2634 2738 2508 2855 2841 2690 3029 2874 2801 2647 2454 2750 2858 2977 3037 2900 2572 2937 2689 3055 2660 2535 2806 2675 2533 2939 2966 2589 2702 2655 2596 2776 2868 2871 2941 2651 2836 2759 2805 3059 2927 2786 3070 2636 2931 3046 2695 2479 2734 3044 
2998 2949 3163 3485 3148 2734 2892 2862 2978 2778 3257 2727 2921 2953 2674 3008 3311 2935 2917 3370 2996 3048 3251 2927 3286 3104 3306 2880 3036 3030 3232 2997 2824 3183 2917 2650 2880 2871 3046 3093 3143 2880 2770 2737 3093 3451 3082 3185 3026 2650 2964 2924 2706 2988 3040 2915 3205 3098 3187 3042 2606 3013 3156 3121 3285 3125 2766 3305 2948 3245 2843 2709 3065 2971 2805 3158 3204 2752 2844 2887 3011 3013 3069 3164 3138 2889 3018 2843 2942 3350 3246 3134 3198 2985 3212 3161 3044 2811 3052 3196 
3109 3194 3154 3389 3096 2789 3183 2931 3094 3069 3147 2752 3180 2921 2733 3201 3447 3126 2612 3321 3001 3063 3288 3013 3456 3182 3312 2989 3063 3012 3143 3028 3060 3149 3015 2781 3024 2916 3085 3292 3393 2776 3095 2913 3132 3484 3149 3328 3049 3039 3081 3132 2881 3087 2990 2969 3177 3159 3024 3079 2729 3050 3152 3182 3295 3380 2820 3441 3011 3331 3118 2843 3228 2959 2916 3261 3428 2929 3131 2926 3130 3185 3125 3034 3295 3064 2968 2882 3245 3263 3196 3220 3393 3025 2981 3317 3061 2909 3188 3433 
2975 3006 2964 3141 2858 2558 3013 2786 2944 2711 2940 2454 3067 2637 2631 3008 3183 2911 2544 3099 2806 2832 3038 2944 3298 2823 3014 2881 3086 2870 2930 2884 2843 2933 2615 2462 2889 2689 3042 2989 3009 2701 2850 2777 2977 3224 2825 3004 2895 2811 2777 2847 2590 2847 2822 2640 2927 2890 2842 2863 2615 2989 2997 2834 3025 3144 2670 3241 2654 3058 2786 2718 2964 2803 2665 3043 3159 2820 3099 2936 2782 2939 2873 2857 3142 2911 2829 2853 2947 3063 2984 3030 3175 2704 2860 3085 2894 2616 3039 3051 
2875 3036 3020 3162 2957 2588 2875 2773 2894 2810 2887 2571 2927 2949 2619 2951 3106 2913 2604 3235 2760 2958 3059 2894 3162 2877 3104 2830 2910 2709 3007 2909 2966 2924 2819 2690 2935 2825 2795 2848 3111 2697 2532 2663 2941 3247 2809 3075 2870 2713 2889 2945 2613 2942 2797 2744 2948 2808 2887 2892 2593 2872 2936 2992 3207 3135 2481 2932 2796 3210 2821 2659 2968 2928 2671 2978 3275 2610 2914 2794 2897 3034 2904 2943 2986 2945 2973 2855 2769 3164 2968 2865 3122 2783 2971 3108 2826 2706 2965 3097 
2938 2959 2939 3192 3181 2527 2871 2813 2974 2955 3095 2718 2742 2821 2531 2935 3156 2887 2847 3093 2870 3018 2960 2852 3120 2931 3036 2742 2999 2666 3078 2876 2651 2923 2715 2584 2927 2658 2829 2859 2996 2783 2773 2672 2823 3407 2827 2989 2942 2688 2993 2702 2567 2817 3065 2940 2991 2988 2966 2870 2567 2832 2995 2923 3144 3053 2707 3183 2684 2938 2800 2687 2898 2827 2598 2931 3189 2850 2917 2786 2782 2802 2747 2973 3123 3053 2915 2777 2822 3004 3100 3092 3144 2816 2977 3207 2827 2758 2730 3057 
2969 3104 3264 3315 3157 2753 3116 2899 3109 3022 3226 2691 3084 2902 2567 3144 3324 3144 2862 3379 2921 3158 3209 3131 3460 3052 3205 2963 3160 2929 3217 2904 3108 3028 2986 2784 2971 2788 2912 2921 3346 2947 2812 2896 3182 3522 3132 3188 3199 3066 3070 2969 2814 3034 2830 2923 3151 3183 3066 2934 2676 3061 3088 3155 3218 3263 2824 3288 2954 3318 2954 2913 3159 3061 2784 3278 3301 2926 2965 2976 3005 3187 3075 3064 3173 2955 2949 2980 3023 3320 3125 3108 3263 3068 3214 3233 2880 2870 2946 3362 
2993 3085 3099 3294 3123 2573 3167 2782 3004 2932 3041 2686 3047 2848 2531 3165 3279 3097 2910 3253 3077 3038 3102 3026 3331 3100 3224 2920 3217 2824 3012 2886 2929 2991 2782 2773 2923 2809 3022 3076 3259 2905 2977 2809 2986 3322 2979 3196 2949 2964 2987 2843 2764 2982 3123 2958 3245 3061 3031 2923 2649 2893 2972 3140 3193 3250 2767 3309 2951 3204 2970 2961 3129 2963 2589 3087 3180 2766 3037 3006 2825 3135 3047 2968 3132 2904 3071 2756 2993 3193 3115 3178 3250 2958 3130 3350 2925 2733 3029 3388 
3029 3110 3024 3308 3113 2627 2945 2977 3034 2926 2981 2854 3059 3143 2685 3079 3186 3026 2795 3211 2867 3079 3013 2908 3304 3057 3093 3051 3110 2897 3223 2794 2892 3068 3150 2682 3008 2777 3004 3036 3377 2789 2775 2773 3040 3409 2937 3175 3091 2856 2962 2913 2713 3035 2943 3034 2933 2919 2948 2799 2715 3022 2826 3388 3320 3327 2622 3280 2862 3209 3134 2820 3212 2874 2703 3149 3367 3027 2889 3091 3074 3119 2983 3141 3240 3017 2936 2945 2975 3282 3042 3246 3144 2927 3205 3233 2860 2711 3027 3398 
3276 3031 3031 3421 3297 2755 3056 3019 3025 2995 3132 2743 3042 3020 2888 3230 3413 3047 2815 3253 3193 2992 3321 2902 3487 3141 3210 3003 3091 2989 3126 3041 2934 3212 2883 2708 3182 2871 3114 3171 3268 2824 2884 2659 3105 3240 3033 3302 2938 2812 3000 2962 2806 3165 3024 3020 3172 3147 3134 3097 2895 2999 3110 3268 3411 3233 2715 3332 2976 3398 2963 2695 3216 2963 2949 3139 3405 3010 2955 3058 3003 3068 3202 3265 3290 3062 2947 3036 3082 3288 3400 3241 3314 3080 3074 3336 3101 2841 3217 3355 
3074 3077 2989 3193 2970 2653 2934 2884 3033 2748 3123 2693 2915 2978 2629 3086 3288 3111 2740 3067 2947 2978 2992 2966 3242 3002 3204 2998 3052 2803 2897 2761 2918 2953 2919 2677 3121 2720 3049 2887 3234 2639 2702 2593 2977 3367 2902 3067 3122 2893 2984 2862 2658 2983 2950 2987 2970 2884 2927 2703 2795 2777 2871 3139 3172 3156 2681 3136 2718 3198 2991 2749 3072 3092 2641 3068 3296 2951 2762 2963 2958 3047 3026 3049 3060 2911 2954 2757 2942 3108 2952 3036 3092 3033 2888 3185 2845 2652 2901 3167 
3024 2974 2935 3176 3038 2597 3016 2736 2878 2883 2964 2640 2888 2829 2710 3004 3343 3075 2697 3092 2958 2949 2947 2788 3241 2894 2958 2751 2962 2853 3012 2751 2750 2997 2846 2489 2925 2839 3029 2935 3182 2804 2747 2645 2900 3227 2945 3075 2765 2641 3065 2810 2622 2985 2883 2895 2865 2970 2900 2820 2606 2809 2927 3048 3137 3019 2650 3220 2904 3078 2812 2764 3116 2852 2683 2880 3194 2853 2813 2909 2902 2934 2873 2883 3153 2978 2695 2713 3004 3021 3092 3047 3074 2805 2907 3176 2743 2583 2887 3118 
3328 3357 3417 3630 3226 2840 3409 3158 3259 3160 3385 2905 3197 3092 2681 3467 3495 3380 2985 3505 3153 3331 3384 3293 3534 3386 3362 3117 3456 3122 3407 3085 3134 3276 3150 2948 3203 3227 3178 3223 3522 2863 3087 2964 3241 3747 3363 3406 3319 3231 3395 3143 3074 3425 3308 3424 3410 3193 3334 3179 2924 3246 3306 3364 3789 3377 2927 3507 3053 3526 3165 3031 3235 3295 2965 3359 3587 3229 3248 3170 3271 3442 3389 3398 3522 3255 3245 3066 3344 3564 3262 3349 3550 3192 3247 3399 3168 3099 3047 3491 
3260 3339 3209 3660 3344 2849 3277 3151 3302 3150 3191 3072 3276 3055 2866 3387 3417 3324 3188 3526 3272 3393 3354 3231 3550 3362 3285 3075 3384 3048 3271 3023 3060 3260 3151 2861 3146 2895 3243 3241 3539 3195 3059 2996 3226 3613 3163 3381 3250 3068 3253 3167 3135 3277 3203 3201 3396 3101 3265 3220 2922 3248 3159 3460 3548 3554 2952 3396 3255 3555 3095 3062 3359 3156 2917 3273 3467 3009 3032 3155 3277 3460 3297 3157 3402 3313 3240 3135 3463 3562 3548 3281 3549 3180 3360 3673 3116 3060 3249 3548 
3086 2956 2957 3397 3005 2570 2958 2925 3008 2940 3153 2577 3012 2921 2781 3279 3324 3075 2811 3300 3011 2983 3329 2907 3365 3093 3142 3046 3179 2842 3004 2984 2893 3066 2841 2759 2880 2959 2947 3256 3348 2838 2868 2625 3106 3281 3024 3145 2884 2989 3117 2995 2806 3056 2961 3129 3126 3008 3005 2902 2820 2979 3025 3145 3189 3256 2697 3116 2936 3277 3000 2789 3181 3021 2778 2993 3226 2689 2956 3048 2891 2974 2986 3076 3298 2930 3088 2857 3094 3196 3124 3060 3304 2977 3127 3195 2999 2608 3145 3249 
3259 3214 3336 3617 3392 2752 3279 3130 3144 3118 3422 2935 3107 3179 2820 3557 3594 3291 3093 3437 3150 3197 3507 3049 3640 3386 3373 3177 3293 3007 3260 3045 3185 3285 3140 3033 3283 3094 3255 3423 3438 3003 3091 2801 3248 3633 3283 3324 3150 3151 3257 3029 2915 3396 3226 3375 3204 3208 3284 3264 3076 3215 3189 3350 3548 3456 3030 3448 2960 3520 3068 3042 3279 3144 2959 3261 3505 3147 2952 3254 3174 3220 3322 3233 3420 3117 3179 3258 3370 3405 3422 3327 3446 3263 3263 3476 3311 2933 3139 3558 
3152 3193 3039 3248 3303 2688 3209 2959 3215 2876 3034 2907 3086 2926 2683 3164 3415 3085 2702 3364 3019 3102 3123 2945 3545 3129 3303 2954 3023 2945 2960 2883 2811 2974 2981 2627 2997 2951 3078 3097 3266 2794 2868 2697 2965 3310 3213 3203 2985 2955 3170 2906 2780 3079 3062 3017 3127 3162 3286 2894 2802 3066 3011 3185 3201 3363 2723 3271 2887 3119 2980 2840 3066 2835 2723 3262 3298 2792 2997 2983 3203 3176 2944 3145 3329 3188 3074 2843 3188 3239 3178 3164 3176 3006 3120 3299 2769 2877 2953 3439 
3222 3016 3182 3449 3086 2802 3272 2989 2966 3052 2957 2675 2999 3140 2712 3256 3435 3160 2897 3264 3064 2993 3253 2820 3356 3181 3212 2937 3242 2910 3233 3000 3045 3234 2887 2857 3021 2937 3046 3023 3378 2883 2874 2927 2976 3407 3174 3301 2978 2891 3023 2988 2830 2921 3185 3087 3164 3225 3034 3008 2626 2980 3074 3236 3365 3182 2648 3350 3038 3558 2916 2880 3112 3014 2800 3181 3197 2927 3073 3001 3009 3324 3158 3139 3180 3126 2983 2932 3052 3314 3265 3179 3134 2979 3223 3386 2851 2748 3063 3454 
2867 2875 2963 3026 3042 2551 2918 2686 2687 2764 2943 2490 2926 2774 2645 3004 2924 2864 2667 2988 2676 2839 3016 2758 3174 2995 2963 2830 2968 2620 3040 2720 2656 2854 2722 2502 2808 2747 2752 2759 2986 2630 2670 2616 2727 3008 2654 2958 2803 2756 2877 2600 2602 2848 2795 2691 2822 2879 2733 2825 2456 2852 2714 2805 3023 2907 2502 3039 2859 2913 2800 2545 2838 2936 2535 2829 3018 2492 2787 2919 2893 2926 2777 2829 3062 2743 2635 2787 3013 2958 2885 2891 2824 2652 2860 3015 2582 2480 2882 3169 
3215 3171 3064 3378 3033 2860 3027 3141 3020 2840 3045 2607 3074 3025 2733 3168 3354 3070 2873 3228 2855 2966 3122 2861 3267 3015 3231 2902 3092 2982 3101 2873 3050 3073 2909 2673 3050 2856 3115 3036 3204 2639 2804 2737 2995 3406 3169 3220 3031 2775 2994 3052 2727 2978 2982 2916 3259 3023 2983 2915 2730 3061 3025 3114 3217 3222 2752 3317 2909 3362 2934 2746 2993 2988 2868 3105 3237 2858 2966 2903 3064 3087 3186 3149 3186 2970 2911 2935 3003 3165 3056 2989 3264 2934 3056 3256 2787 2777 3089 3418 
2865 3040 2913 3284 2975 2638 2877 2862 2913 2796 2890 2655 2954 2948 2563 3010 3158 2979 2690 3141 2761 2912 3028 2738 3189 3013 3007 2719 3040 2821 2981 2764 2818 3026 2781 2552 2842 2825 2880 3005 3193 2683 2767 2819 2742 3203 2829 3006 2936 2790 2971 2822 2747 2874 2885 2800 2992 2754 2946 2886 2572 2930 2875 3136 3111 3079 2544 3151 2768 3135 2811 2733 2797 2820 2635 2928 3157 2707 2727 2913 2928 3089 2956 2991 2971 2827 2914 2867 3058 3106 3089 3110 3063 2902 2942 3234 2754 2848 2801 3222 
3199 3137 3113 3322 3274 2620 3010 3035 3042 3051 3255 2835 3052 3006 2791 3364 3385 3109 2850 3312 3172 3045 3221 3051 3544 3147 3116 3092 3051 2870 3001 2941 2949 3057 2909 2817 3133 3035 2980 3028 3302 2916 3084 2695 3246 3447 3014 3185 2938 2974 3182 3011 2746 3140 3129 3082 3289 3033 3085 2856 2829 3000 3062 3169 3231 3361 2846 3187 2972 3190 2964 2987 3121 3014 2880 3203 3289 2936 2865 2987 2942 3107 2974 3210 3203 3099 3037 3074 3237 3177 3268 3147 3365 3026 2980 3322 2886 2799 2917 3407 
3348 3323 3325 3537 3457 2878 3379 3226 3419 3234 3437 3044 3330 3082 2826 3374 3539 3307 3111 3698 3223 3416 3357 3284 3660 3458 3424 3202 3433 3053 3443 3217 3124 3283 3109 2883 3155 3229 3146 3257 3509 3175 3084 2897 3270 3643 3223 3490 3182 3231 3305 3171 2957 3316 3397 3335 3336 3106 3236 3224 3037 3143 3206 3306 3486 3652 3039 3428 3142 3468 3295 2944 3347 3220 2959 3220 3662 3022 3247 3225 3267 3268 3047 3306 3560 3375 3295 3101 3266 3424 3444 3399 3595 3236 3279 3612 3057 3130 3291 3418 
3455 3456 3421 3619 3469 2949 3267 3281 3389 3249 3409 2991 3266 3213 2835 3337 3754 3293 3013 3634 3315 3436 3327 3356 3752 3377 3467 3223 3436 3278 3364 3059 3168 3343 3280 3066 3448 3145 3156 3257 3416 2987 3141 2927 3286 3737 3327 3502 3329 3115 3278 3197 3097 3321 3268 3261 3419 3475 3469 3287 2957 3198 3337 3623 3733 3689 3116 3547 3081 3515 3215 3079 3403 3262 3011 3355 3690 3157 3155 3378 3329 3391 3226 3508 3479 3213 3346 3125 3385 3563 3316 3543 3574 3245 3271 3620 3218 3055 3189 3641 
3263 3192 3403 3612 3308 2943 3279 3069 3322 3055 3312 2790 3186 3138 2842 3237 3536 3308 2954 3477 3182 3266 3421 2970 3479 3269 3380 2985 3232 3145 3387 3113 3049 3293 3253 2638 3119 3048 3202 3222 3328 2876 3057 2962 3198 3697 3186 3315 3332 3009 3337 3118 2847 3240 3323 3063 3450 3196 3242 3115 2762 3126 3309 3335 3451 3292 2844 3463 3126 3487 3043 2840 3315 3054 2938 3287 3426 2998 3158 3093 3150 3238 3133 3338 3525 3275 3225 3012 3170 3410 3420 3314 3355 3163 3372 3451 3120 2846 3081 3492 
3229 3129 3101 3374 3270 2880 3203 3011 3039 2899 3156 2682 3250 2893 2824 3215 3307 3268 2795 3295 3274 3126 3259 2972 3404 3266 3151 2962 3155 3002 3207 2835 2984 3144 3189 2635 3006 2994 3000 3253 3385 2803 2876 2769 3200 3405 3089 3241 3210 2936 3163 3085 2924 3274 3074 3031 3176 3029 3026 2937 2892 3072 3245 3425 3339 3226 2841 3243 2961 3271 2997 2781 3308 3124 2711 3172 3545 3016 3100 3051 2939 3098 3127 3283 3290 3143 3015 2938 3165 3236 3175 3346 3322 3157 3072 3296 3050 2892 3030 3485 
2803 2838 3019 3342 2929 2513 2810 2802 2864 2832 2914 2538 2667 2846 2470 3062 3155 2869 2605 3115 2796 2751 3068 2576 3148 2838 2876 2718 2865 2629 3065 2743 2697 2955 2815 2520 2581 2647 2824 2976 3099 2670 2738 2491 2903 3284 2866 2992 2973 2714 2769 2789 2580 2825 2836 2733 2882 2897 2847 2672 2572 2662 2871 2855 3093 2962 2425 3110 2726 2946 2728 2527 3011 2733 2615 2921 2961 2827 2837 2696 2743 2895 2756 2885 2913 2875 2811 2662 2704 2934 3036 2904 2964 2788 2840 3133 2825 2615 2759 2992 
2955 2912 2863 3243 2966 2557 2964 2732 2989 2742 2793 2588 2933 2744 2651 2952 3142 2823 2645 3156 2735 2912 2843 2717 3280 2924 3007 2749 2941 2791 2908 2532 2673 2967 2939 2661 2882 2701 2743 2682 3002 2726 2682 2409 2881 3062 2883 3094 2808 2745 2927 2859 2547 2870 2806 2799 2777 2894 2792 2848 2616 2882 2721 2991 3256 3171 2565 3055 2643 3007 2845 2606 2956 2773 2596 2891 3153 2756 2672 2742 2852 2939 2837 2974 2901 2813 2825 2693 2954 3143 2918 2841 2917 2713 2726 3121 2754 2581 2907 3172 
3534 3421 3465 3586 3509 3007 3544 3227 3386 3340 3521 2990 3379 3164 3018 3523 3673 3346 3089 3707 3372 3394 3583 3271 3874 3665 3592 3355 3544 3199 3482 3272 3319 3522 3065 3080 3324 3210 3317 3278 3702 3096 3280 3133 3404 3794 3411 3467 3220 3331 3424 3271 3130 3146 3504 3223 3420 3359 3295 3310 2970 3336 3412 3504 3651 3596 2947 3598 3266 3595 3400 3283 3369 3376 3109 3561 3770 3235 3356 3319 3330 3515 3444 3484 3572 3333 3393 3238 3439 3590 3509 3440 3713 3264 3336 3683 3264 3180 3355 3731 
3305 3113 3118 3423 3140 2667 3133 2946 3034 2968 3136 2856 2964 3091 2785 3350 3279 3111 2940 3282 3048 3056 3280 2955 3329 3243 3244 3078 3204 2809 3136 2939 2901 3200 3049 2687 3075 3011 3156 3064 3192 2813 2994 2691 3189 3526 3102 3137 3127 3015 3121 2951 3031 3184 3246 2965 3108 2996 3204 2916 2769 3149 3043 3291 3393 3350 2594 3138 2804 3306 3028 2974 3153 3102 2760 3044 3184 2899 2855 3135 2963 3350 3195 3101 3348 3196 3187 3059 3002 3306 3208 3219 3198 2985 3234 3281 3023 2681 2903 3339 
3069 2957 3081 3265 3060 2538 3059 2861 2912 2914 2943 2619 2966 2862 2589 3116 3332 3051 2790 3111 2889 2997 3138 2817 3435 2927 3018 2849 2955 2898 2990 2675 2843 2896 2832 2616 2979 2734 2988 3115 3201 2805 2807 2706 2803 3163 3080 3050 3006 2731 2872 2907 2789 2909 2821 2983 2887 2900 2815 2812 2729 3062 3152 3026 3134 3137 2557 3150 2754 3195 2897 2805 3002 2740 2870 2989 3253 2874 2826 2954 2990 3096 3051 2905 2999 2861 2866 2964 2826 3127 3158 3049 3127 3051 2944 3289 3007 2918 3064 3063 
2668 2778 2770 3011 2700 2376 2730 2531 2518 2643 2705 2353 2657 2672 2328 2744 2928 2618 2532 2877 2557 2656 2875 2544 2823 2598 2824 2679 2790 2435 2755 2448 2606 2812 2735 2379 2491 2591 2648 2728 2907 2558 2616 2512 2680 3036 2707 2667 2549 2398 2793 2591 2474 2559 2643 2622 2707 2637 2624 2498 2375 2819 2654 2687 2851 2950 2475 2633 2448 2792 2663 2535 2713 2624 2413 2717 2836 2529 2558 2532 2634 2749 2523 2519 2936 2682 2592 2494 2678 2767 2615 2632 2845 2552 2884 2953 2514 2389 2639 2935 
2845 2908 3027 3265 2962 2644 2967 2798 2850 2614 2922 2588 2794 2781 2529 3101 3076 2949 2687 3190 2766 2822 3005 2860 3094 2964 3058 2667 3011 2773 2979 2835 2774 2935 2795 2642 2705 2742 2938 2985 3016 2693 2662 2536 2956 3108 2755 3062 2778 2661 2812 2727 2562 2879 2879 2692 2970 2821 2767 2787 2598 2793 2890 2854 3124 3057 2700 2914 2760 3093 2745 2463 2870 2759 2538 2960 2959 2738 2814 2633 2648 2860 2827 3015 3054 2859 2782 2685 2715 3047 2986 2884 3119 2722 3023 3073 2815 2556 2759 3010 
2686 2886 2987 3207 2897 2749 2846 2934 2882 2808 2852 2359 3035 2821 2548 2800 3184 2862 2580 3098 2816 2790 2860 2562 3312 3008 2948 2766 2919 2745 2862 2637 2766 2734 2809 2422 2977 2651 2832 2887 3140 2734 2746 2459 2791 3112 2919 2921 2914 2677 2760 2850 2577 2905 2752 2785 2895 2856 2909 2868 2586 2853 2945 3031 3028 2930 2598 3070 2749 3006 2853 2644 3007 2852 2578 3009 3293 2881 2839 2866 2803 2892 2755 3001 2901 2971 2739 2752 2963 2938 2963 3005 3148 2755 2842 2995 2957 2836 2937 3115 
3000 3269 3238 3462 3243 2735 3130 2829 3001 2931 3067 2585 3264 2898 2676 3065 3459 3010 2822 3248 3029 3062 3214 3051 3562 3044 3180 3141 3051 2829 3138 2977 2961 3166 2975 2872 3052 2769 3037 3020 3337 2997 3047 2804 3076 3621 3192 3110 3253 2973 3143 2957 2886 3240 3133 3130 3435 3150 3192 2872 2862 3124 3097 3155 3260 3266 3009 3190 3053 3256 2939 2911 3149 3138 2947 3248 3277 3003 3129 3121 2939 3090 2983 3200 3207 3139 3061 2961 3251 3321 3141 2998 3408 3037 3078 3261 3067 2761 3005 3334 
2867 2950 2980 3289 3019 2597 2948 2801 3026 2815 2957 2632 2962 2943 2576 2964 2996 2999 2645 3285 2899 2893 3068 2887 3283 3115 2945 2903 2981 2766 3005 2847 2705 3028 2980 2299 2791 2899 2882 2990 3116 2741 2764 2587 2985 3295 2869 2946 2787 2693 2928 2789 2622 3004 2939 2797 2852 2721 3041 2762 2578 2717 2743 2844 3240 3100 2421 3127 2854 2960 2984 2601 3184 2817 2750 3002 3159 2711 2893 2875 2833 2943 2904 2859 3109 3026 3058 2729 2847 3060 3053 2876 2879 2735 3041 3168 2685 2588 2703 3137 
2934 2833 2846 3301 2838 2421 2769 2906 2849 2737 2835 2536 2789 2656 2479 2975 2957 2809 2558 3066 2581 2845 2941 2681 3083 2893 2910 2704 2847 2535 2882 2670 2730 2808 2560 2478 2861 2651 2870 2968 2946 2466 2618 2438 2713 3055 2683 3071 2780 2791 2744 2817 2551 2907 2750 2731 3025 2677 2817 2643 2546 2621 2728 2945 2969 3116 2547 2794 2657 3112 2682 2623 2828 2756 2679 2992 2937 2603 2828 2707 2709 2881 2723 2895 3087 2784 2949 2657 2725 3010 2936 2908 2906 2672 2798 3167 2639 2705 2827 3158 
3097 2999 3045 3516 3246 2490 3033 2902 3113 3055 3074 2851 2745 2963 2765 3229 3201 3005 2864 3296 2980 3155 3237 2891 3315 3102 3073 2992 3034 2807 3061 2987 2731 3016 2866 2859 3037 2877 2927 3026 3263 2780 2847 2824 3023 3327 2957 3216 2898 2768 3002 3004 2716 3079 3086 3010 3219 2886 3040 2804 2812 2912 3076 3183 3347 3070 2642 3197 2868 3410 3119 2839 3170 3051 2882 3003 3278 2767 2714 2960 3081 2980 3059 3134 3233 2959 3092 2861 3106 3229 3224 3115 3168 2938 3053 3320 2772 2803 2993 3309 
3042 3061 2982 3139 3111 2551 2936 2792 2777 2802 2880 2659 2912 2789 2540 3084 3176 2870 2589 2955 2956 2769 3181 2802 3322 3027 3000 2983 2874 2763 2960 2808 2724 2992 2780 2731 2852 2679 2907 3016 3278 2661 2653 2682 2983 3268 2976 2924 2811 2721 2923 2902 2794 3042 2852 2912 2878 2902 3009 2813 2733 2797 2890 3079 3056 3214 2596 3071 2921 2928 2867 2764 2895 2964 2739 2906 3263 2695 2808 2732 3028 2838 2860 2927 3052 2945 2777 2888 3068 3143 3062 2924 3205 2785 2853 3049 3063 2657 2883 3149 
2776 2756 2635 3073 2692 2254 2845 2636 2672 2694 2556 2435 2835 2508 2460 2828 2957 2747 2507 2898 2505 2881 2643 2674 2962 2720 2810 2594 2845 2551 2606 2537 2537 2597 2446 2414 2808 2400 2534 2586 2836 2592 2566 2433 2742 2854 2661 2876 2726 2748 2615 2572 2444 2618 2609 2624 2892 2757 2623 2530 2475 2798 2807 2744 2734 2959 2337 2841 2500 2923 2558 2487 2785 2525 2498 2840 2781 2454 2689 2853 2508 2951 2712 2701 2827 2602 2630 2648 2855 2887 2765 2622 2973 2754 2714 2888 2402 2620 2793 3049 
3410 3393 3496 3658 3307 2938 3226 3268 3266 3212 3372 2843 3279 3261 2833 3397 3563 3139 3169 3677 3300 3263 3527 3173 3734 3424 3510 3115 3243 3171 3424 3140 3112 3550 3234 2937 3237 3099 3168 3275 3512 3122 3065 3039 3386 3647 3370 3518 3253 3089 3370 3211 3088 3212 3379 3209 3554 3327 3488 3225 2885 3304 3402 3482 3732 3612 3068 3446 3189 3318 3123 3126 3435 3314 2970 3287 3642 2976 3229 3215 3152 3175 3303 3537 3449 3347 3289 3115 3183 3577 3341 3414 3542 3203 3467 3525 3338 3038 3282 3553 
3151 3387 3284 3623 3337 2926 3269 3065 3098 3094 3149 2736 3236 3103 2925 3283 3632 3054 3010 3463 3093 3230 3188 3031 3516 3227 3202 2983 3255 2914 3219 2935 2956 3192 3075 2923 3046 2818 3225 3121 3190 2995 3015 2718 3089 3599 3182 3244 3181 2945 3245 2954 2874 3089 3176 2973 3430 3339 3142 3111 2751 3198 3218 3397 3311 3247 2978 3472 3065 3322 2863 2887 3219 3100 2943 3192 3227 3023 3095 3290 3198 3412 2948 3280 3177 3164 3112 3077 3393 3276 3387 3299 3423 3094 3114 3521 2959 2922 3169 3366 
3156 3088 3164 3395 3125 2540 3075 3085 3127 3069 3093 2949 2894 2941 2549 3186 3434 3262 2689 3312 3066 3183 3347 2992 3358 3132 3169 3098 3176 2888 3267 3068 2876 2987 3105 2675 2929 2965 3171 3222 3436 2936 2855 2852 3221 3483 3050 3140 2967 2864 3173 3033 2957 3136 3004 2983 3036 3041 3081 2923 2725 2835 2999 3354 3341 3269 2635 3255 2833 3309 3064 3002 3131 2932 2699 3340 3417 2962 2957 2973 2988 3073 3097 3030 3444 3102 3049 2932 3061 3422 3348 3200 3214 3036 3208 3423 2940 2820 2947 3341 
3191 3042 2985 3203 3056 2709 2937 2850 2885 2882 3023 2757 2829 2864 2766 3221 3223 2923 2750 3115 2879 2850 3084 2896 3314 3074 2988 2841 2978 2825 3052 2839 2884 3061 2865 2714 3075 2688 3055 2935 3286 2694 2720 2809 2893 3212 2925 3093 2779 2668 3063 3096 2784 3050 2920 2911 3000 2985 3075 2865 2657 3062 3167 3143 3217 2984 2743 3104 2795 3279 2984 2798 2875 3010 2888 3006 3230 2870 2747 2908 2926 3030 3002 3115 3260 2971 2905 3010 3076 3169 3147 3124 3018 2735 2999 3121 2916 2830 2938 3281 
2989 3038 2961 3189 3077 2738 2920 2866 2817 2795 3065 2627 2996 2774 2757 3096 3174 2878 2668 3139 2896 2819 3213 2904 3233 2969 3093 2919 3006 2883 3189 2855 2848 3035 2819 2713 3140 2838 3078 2982 3177 2642 2663 2817 3093 3307 2882 3021 2958 2831 2947 2959 2718 3114 2949 2872 3053 2893 2857 2801 2774 3086 2962 3080 3164 3016 2772 3202 2894 3153 2885 2859 2954 2988 2690 3107 3294 2839 2841 3044 3039 2948 2958 3141 3215 3095 2908 3041 3002 3096 3063 3139 3108 2765 2951 3070 2974 2677 3014 3224 
3097 3008 3196 3288 3170 2679 2869 2794 2997 2786 3056 2734 3085 2942 2678 3162 3285 3003 2893 3249 2814 2854 3067 2834 3432 3067 3186 3002 3203 2770 3072 2979 2862 3190 2742 2655 2863 2719 3106 3017 3225 2762 2905 2758 3056 3257 3079 3174 2995 2883 2874 2865 2702 2917 3059 2791 3192 3028 3102 2852 2592 2895 2898 3118 3183 3244 2818 3271 3002 3161 2958 2856 2964 2995 2727 3113 3287 2734 2966 2940 2997 2955 2986 3117 3036 3010 2966 2820 3045 3280 3231 3096 3304 2859 3082 3247 2954 2698 3098 3160 
3278 3247 3110 3443 3370 2823 3262 3139 3307 3179 3297 2914 3177 3109 2767 3288 3545 3088 2992 3456 3053 3247 3255 3028 3606 3414 3425 3125 3303 2935 3152 3166 2952 3254 2934 2850 3098 2928 3182 3243 3424 3009 2971 2840 3105 3592 3260 3283 3063 2901 3157 3088 2957 3098 3100 3103 3170 3184 3346 2938 2904 2987 3110 3359 3318 3387 2976 3344 2932 3355 3199 2856 3155 3195 2979 3201 3430 3023 3204 3078 3279 3336 3141 3217 3345 3170 3090 2951 3269 3289 3258 3316 3446 3135 3226 3606 2912 3045 3088 3473 
3112 3375 3421 3646 3285 2859 3198 3064 3154 3174 3220 2803 3097 3163 2747 3224 3467 3121 2950 3352 3149 3210 3365 3081 3567 3333 3252 2979 3298 3012 3292 3000 3042 3305 3207 3073 3188 2905 3310 3191 3387 3004 3132 2883 3116 3751 3233 3254 3019 3077 3254 2891 2891 3189 3443 3257 3232 3335 3281 3140 2868 3249 3182 3393 3486 3265 2901 3518 3094 3531 3041 3030 3261 3227 2996 3140 3383 3316 2950 3183 3159 3272 3184 3362 3267 3287 3188 3110 3196 3336 3368 3347 3385 3018 3073 3613 3155 3027 2957 3407 
3151 3041 2973 3333 3165 2733 3142 2862 3021 3115 3071 2710 3074 3097 2710 3104 3386 2953 2849 3353 2955 2927 3190 2853 3364 3154 3168 2846 3005 2884 3168 2911 3174 3180 2981 2672 2938 2787 2923 2974 3412 2884 2792 2815 3149 3445 3125 3139 2953 2993 3126 3041 2738 3191 2957 3015 3167 3007 2992 2906 2732 2910 3014 3194 3351 3095 2718 3132 3027 3253 2998 2754 3195 2872 2884 3102 3334 2998 2880 3093 3018 3028 3041 3119 3114 3070 2992 2904 3066 3313 3247 3090 3167 2870 3135 3282 2916 2758 2899 3382 
3192 3215 3231 3381 3343 2921 3178 2939 3007 3107 3185 2693 3073 3065 2812 3399 3351 3001 2738 3272 3042 3060 3251 2944 3413 3055 3256 3054 3114 2942 3309 3113 2877 3274 3026 2753 2985 2905 3073 3203 3377 2950 2982 2868 3018 3441 3056 3352 3046 2854 3228 3110 2925 3154 2973 3012 3239 3258 3175 2992 2804 3079 3088 3206 3361 3275 2959 3235 2909 3352 3088 2906 3072 3160 3065 3193 3246 2931 3046 2975 3152 3181 3209 3168 3340 3089 3016 2928 3256 3330 3276 3272 3285 3006 3247 3207 2890 2869 3169 3333 
3130 3049 3038 3170 3151 2573 2999 2778 2954 2947 3077 2737 3123 2840 2523 3189 3291 3027 2848 3249 2893 2978 3109 3040 3358 3120 3083 2990 3085 2664 3006 3039 2943 3097 2829 2751 3034 2673 3031 2935 3153 2797 2749 2733 3104 3282 3085 3000 2936 3016 3022 2966 2803 3032 2974 2905 3117 3063 3058 2864 2741 2970 2915 3071 3081 3203 2930 3228 2912 3296 2965 2701 2904 2954 2791 3048 3171 2909 2769 2922 2989 3012 3054 2819 3232 3109 2880 2993 3276 3322 3213 3090 3190 2871 2812 3284 2931 2822 3058 3115 
3378 3419 3209 3596 3340 2872 3340 3323 3154 3085 3293 2826 3139 3286 2832 3411 3599 3132 3020 3502 3378 3209 3330 3120 3364 3369 3316 3178 3241 3015 3350 3170 3163 3289 3162 2858 3109 2950 3303 3415 3495 3026 2982 2999 3093 3708 3062 3308 3298 3030 3245 3133 3002 3145 3389 3068 3336 3305 3217 3260 2991 3122 3207 3372 3394 3403 2813 3592 3197 3278 3157 2924 3154 3279 2977 3335 3646 3076 3203 3213 3122 3334 3276 3315 3338 3188 3280 3167 3293 3340 3392 3566 3390 3253 3253 3442 3144 2846 3133 3427 
3257 3130 3104 3379 3374 2661 3210 2902 3088 3044 3256 2891 2975 3098 2684 3203 3536 3069 2786 3371 3135 3132 3415 3107 3427 3064 3348 3078 3054 3022 3273 2970 3003 3192 2877 2771 3049 3046 3104 3024 3409 2985 2736 2898 3164 3481 3247 3168 3023 2867 3155 3087 3017 3184 3015 3056 3197 3108 3063 2963 2833 3100 3066 3227 3237 3235 2836 3285 3091 3330 3007 2884 3111 3000 2884 3193 3309 2919 2979 3121 3155 3189 3103 3129 3275 2949 3073 2995 2946 3443 3283 3194 3339 3119 3152 3367 2857 2854 3039 3451 
3094 3172 3126 3390 3041 2566 3168 2936 3029 2930 3103 2769 3084 3050 2581 3220 3276 2983 2773 3297 2839 3035 3236 2847 3216 3065 3347 2948 3162 2782 2971 3029 2948 3028 2865 2809 3050 2920 3132 3092 3304 2781 2855 2803 2985 3426 3039 3066 3108 2873 3000 3014 2738 3088 3154 2953 3152 3007 3130 2766 2839 2830 2928 3198 3123 3154 2827 3308 2949 3305 2977 2793 2980 3021 2765 3166 3247 2921 3056 2949 3032 3232 3038 3060 3167 3067 3156 2834 3096 3206 3096 3181 3224 2975 3055 3335 2850 2626 2887 3265 
2740 2931 2924 3267 2893 2421 2881 2907 2898 2841 2950 2667 2814 2794 2424 2955 2928 2945 2743 3179 3009 2903 3142 2808 3205 2988 3116 2747 3047 2650 2863 2831 2655 2792 2736 2520 2958 2701 2837 2897 3018 2825 2658 2579 2858 3042 2798 2948 2882 2732 2882 2756 2725 2807 2916 2782 3058 2824 2948 2751 2457 2851 2903 2947 3182 2933 2556 3136 2871 2835 2599 2663 3095 2802 2504 2983 3049 2730 2905 3016 2744 3014 2775 2936 2980 3028 2994 2841 2990 3059 3173 3038 2953 2843 2962 3324 2874 2619 2822 3224 
3519 3481 3557 3895 3513 3096 3482 3574 3405 3379 3528 3178 3282 3367 3035 3544 3705 3492 3225 3860 3356 3561 3629 3346 3676 3677 3742 3272 3588 3427 3633 3298 3210 3364 3528 2999 3376 3312 3500 3481 3718 3217 3185 3180 3442 3804 3523 3562 3447 3146 3377 3321 3345 3392 3494 3291 3414 3553 3725 3421 3108 3415 3481 3625 3885 3515 2936 3633 3391 3651 3407 3269 3465 3395 3012 3584 3806 3224 3241 3487 3401 3639 3436 3617 3768 3575 3526 3396 3575 3752 3741 3550 3546 3373 3794 3798 3328 3095 3289 3734 
3295 3215 3056 3531 3202 2747 3228 3007 3075 3106 3220 2802 2982 3023 2814 3147 3532 3097 2856 3351 3194 3266 3285 3027 3468 3081 3352 2989 3135 3015 3120 2904 2976 3241 2989 2824 3159 2898 3097 3113 3309 2949 2806 2892 3213 3573 3143 3196 3108 2898 3303 3053 2937 3225 3039 3132 3131 3237 3296 3038 2966 3123 3170 3445 3405 3378 2815 3314 2927 3416 3140 3145 3265 3163 2930 3176 3507 2930 2966 3114 3183 3180 3294 3278 3313 3150 3172 2945 3264 3327 3283 3330 3327 3048 3071 3392 3065 2845 3132 3444 
3045 2904 2973 3241 3022 2559 2964 2836 2894 2852 3078 2644 2926 2843 2772 2931 3091 2841 2717 3127 2933 2850 3021 2809 3232 3061 2915 2964 2935 2688 2860 2743 2700 2913 2775 2491 2931 2794 2798 2868 3157 2659 2837 2595 3038 3061 2936 2992 2882 2790 2923 2977 2796 2960 2859 2795 2992 2848 2881 2765 2657 3029 2938 2873 3047 3175 2568 2985 2897 3141 2976 2742 2935 3013 2810 2842 3199 2691 2807 2832 2796 3002 2864 3034 3081 2991 2931 2857 2997 3074 3048 2934 3135 2901 2979 3078 2834 2612 2958 3036 
2816 3078 2933 3191 2827 2530 3114 2804 2926 2878 2886 2625 2882 2705 2290 2914 3205 2891 2677 3256 2823 3049 3030 2883 3275 2805 3021 2705 2941 2667 2963 2599 2720 2866 2830 2499 2699 2786 2902 2859 3021 2760 2711 2523 3015 3249 3042 3003 2935 2698 3168 2884 2683 3009 2790 2844 2981 2792 2891 2618 2695 2836 2724 2956 3077 3047 2783 3023 2689 2879 2739 2765 2931 2796 2642 2892 3171 2605 2774 2837 2884 2923 2709 2959 2921 2835 2831 2636 2911 3010 2995 2975 2963 2853 2819 3001 2640 2680 2795 3079 
3200 3251 3200 3489 3284 2810 3194 3021 3159 3099 3270 2664 3210 3050 2764 3118 3453 3024 2971 3551 3154 3152 3444 2993 3686 3124 3379 3047 3085 3108 3349 3119 3016 3122 3115 2828 3095 2797 3069 3088 3366 3135 2881 2887 3177 3503 3259 3312 3076 2876 3222 3030 2892 3086 3026 2990 3172 3343 3206 3024 2677 3080 3327 3318 3417 3192 2725 3544 3218 3262 3118 3037 3390 3241 2967 3244 3474 3031 3044 3141 3223 3171 3111 3112 3128 3160 3017 3012 3249 3434 3408 3290 3282 2998 3114 3370 3097 2964 3197 3383 
3095 3179 3051 3446 3109 2741 3099 2985 2985 2953 3004 2778 3114 2886 2876 3329 3409 3154 2690 3320 2957 3078 3280 2915 3544 3147 3167 3014 3129 2795 3153 3003 2827 3132 2842 2779 3032 2943 3132 3160 3251 2843 2891 2704 3043 3362 3089 3360 2931 2903 3167 2998 2917 3033 3103 3117 3168 3131 3196 2938 2877 3068 2977 3214 3373 3315 2868 3223 2953 3273 2956 2994 3015 3000 2839 3189 3213 2791 2966 2975 3052 3108 2982 3169 3304 3054 3107 3001 3220 3165 3276 3032 3305 2929 2942 3360 2991 2866 3178 3313 
3087 3018 3063 3502 3076 2651 2962 3049 2980 2903 3098 2630 3079 3061 2704 3069 3357 3204 2941 3232 3016 3024 3204 2962 3386 3096 3069 3088 3260 2744 3070 2888 2941 3096 3002 2785 3002 2936 2952 3056 3393 2920 2760 2848 3118 3414 3038 3231 3049 2968 2942 2957 2893 3111 3114 2988 3159 3142 3151 3119 2725 3132 3065 3221 3180 3321 2682 3215 2929 3252 2989 2760 3213 3026 2651 3092 3334 2746 2934 3065 2766 3093 3037 3012 3155 3071 3015 2971 3018 3149 3126 3017 3297 3060 3122 3313 2937 2691 3090 3379 
2949 3099 3241 3423 3120 2648 3222 3108 3076 2965 3214 2861 2972 3028 2768 3100 3305 3220 2850 3208 3120 3334 3267 3011 3409 3276 3225 2975 3236 2943 3122 2916 2861 3050 2954 2729 3212 2874 3176 3157 3195 2841 2796 2717 3129 3439 3104 3157 2983 2969 3135 2923 2768 3076 2901 3020 3022 3086 3117 3122 2683 3062 3073 3312 3322 3203 2772 3413 2878 3271 2819 2765 3220 3094 2742 3117 3414 2946 3150 3088 3034 3133 3129 3288 3313 3105 2977 2938 3220 3223 3219 3239 3246 3148 3172 3280 3012 2790 3079 3392 
3054 3038 3109 3421 3250 2794 3043 2842 2951 2979 3129 2670 3099 3077 2698 3069 3270 2994 2790 3163 3012 2983 3192 2781 3338 3057 3124 2830 3052 2722 3033 2728 3078 3051 2899 2727 3124 2955 3030 2937 3324 2863 2683 2656 2944 3426 3156 3122 3073 2880 3044 3083 2636 3023 2950 3067 2988 3014 3070 2943 2718 3106 2923 3110 3112 3011 2762 3269 2797 3357 2769 2767 3196 2988 2891 3138 3349 3043 2946 2948 3057 3229 3007 3032 3113 3089 2932 2956 2995 3089 3194 3126 3113 2914 2891 3388 2878 2860 3111 3393 
3053 3030 3206 3247 3181 2659 2966 2851 3029 2935 3152 2762 2821 2855 2629 3158 3304 3040 2874 3163 2980 2959 3140 2849 3200 3077 3186 2833 3048 2817 3042 3032 2731 3048 2945 2713 3024 2798 2980 3088 3145 2732 2819 2607 2962 3358 2970 3119 3031 2946 3095 2739 2688 3070 3113 2960 2952 3009 3117 2867 2791 2868 2799 3124 3257 3197 2735 3307 2818 3224 2900 2728 3066 2955 2576 2936 3198 2772 2771 2929 3010 3025 2938 3043 3265 3141 2824 2886 3021 3158 3142 3115 3095 3059 3082 3196 3026 2658 2797 3122 
3027 2791 2800 3301 3122 2540 3073 2934 3060 2874 3100 2711 2747 2874 2613 3119 3360 2860 2816 3350 2916 3089 3026 2790 3228 3056 3064 2867 2969 2628 3151 2720 2899 2985 2845 2580 2709 2653 2886 2931 3274 2907 2643 2696 3040 3337 2814 3131 2892 2758 2797 2895 2654 2864 2837 2864 2938 2833 2813 2934 2644 2784 2973 3174 3210 3052 2538 3146 2734 3116 3002 2843 3195 2772 2549 2997 3337 2857 2791 2878 2794 2947 2899 2947 3207 2885 2911 2703 2744 3166 3197 3188 3124 2985 3212 3184 2756 2688 2882 3346 
2860 2800 2703 3210 2946 2530 2906 2717 2737 2537 2763 2465 2873 2763 2518 2946 3171 2745 2619 3086 2705 2828 2846 2710 3137 2828 2925 2778 2709 2709 2839 2554 2622 2861 2649 2514 2806 2590 2833 2707 2936 2634 2539 2570 2819 3021 2904 2879 2815 2669 2810 2778 2567 2708 2686 2810 2840 2807 2861 2641 2705 2882 2905 2780 2881 3046 2489 2783 2705 3018 2769 2582 2803 2671 2588 2937 3107 2605 2823 2738 2630 2857 2759 2816 2895 2963 2723 2662 2781 3030 2908 2712 2871 2801 2892 3079 2726 2604 2878 3021 
2946 2725 3007 3292 2950 2706 2816 2664 2826 2874 2980 2613 2875 2817 2432 2839 3081 2926 2809 3149 2888 2877 2900 2786 2988 3091 2991 2614 3048 2775 2990 2730 2786 3020 2763 2427 2895 2793 2781 2851 3023 2678 2668 2755 2875 3165 3029 2978 2869 2716 2786 2684 2726 3033 2993 2686 3052 2811 3037 2890 2436 2920 2885 2946 3256 3121 2698 3070 2774 3080 2765 2657 2863 2787 2476 2900 3132 2616 2682 2905 2856 2904 2805 3019 3008 2833 2850 2736 2774 3183 2956 2860 3075 2837 3141 3095 2877 2636 2874 3069 
3424 3493 3529 3804 3547 2902 3401 3473 3376 3226 3504 3058 3258 3311 2898 3477 3790 3435 3213 3776 3385 3455 3679 3158 3780 3466 3599 3297 3356 3196 3551 3336 3335 3364 3367 3109 3280 3133 3448 3433 3709 3279 3123 3120 3453 3824 3416 3661 3440 3219 3557 3310 3224 3346 3367 3218 3324 3268 3415 3269 3023 3372 3312 3576 3743 3566 3070 3590 3174 3735 3396 3175 3472 3444 3056 3468 3652 3294 3143 3264 3392 3453 3461 3318 3505 3270 3247 3426 3399 3555 3676 3437 3581 3371 3350 3836 3234 3162 3388 3656 
2804 3101 3073 3321 2995 2639 3096 2836 3036 2806 2896 2647 2884 2912 2569 3154 3127 2840 2852 3285 2795 2767 3048 2762 3265 2959 3137 2834 2986 2710 2889 2772 2643 3055 2976 2582 2742 2722 2978 2910 3265 2808 2944 2592 2967 3263 2965 2968 3010 2636 3039 2838 2653 2819 3014 2836 3032 2941 3129 2716 2594 2842 2882 2879 3270 3029 2532 3170 2907 3010 2864 2764 2997 2964 2619 3104 3123 2813 2927 2734 2871 3030 2863 2932 3093 3072 2889 2822 2999 3142 2997 2992 3153 2726 3175 3112 2739 2609 2749 3158 
